5.967736645385773
7.845161333226359
10.312251530286064
12.634730181935552
14.438963753416399
15.724061153595953
16.605936293995413
17.166807091996276
17.526593186499294
17.743333648165674
17.855402796833275
17.879931813358382
17.821774487294974
17.67746449543454
17.452941358575004
17.125597594889232
16.651324232949435
15.989062992906135
15.063950550580206
13.85284037260859
12.261822210986065
10.331031485306163
8.183653799272502
6.0404801625729085
4.25816351864805
3.002560946535469
2.2859793870360736
1.9499512457479984
1.8227371020959866
1.8351332754779344
1.975762608884506
2.24442346226425
2.620121876126217
3.0559379647114087
3.471711245147114
3.866577335969163
4.1799001540549465
4.381341428761646
4.419994201082824
4.357592742475086
4.181309954737753
3.941851086643436
3.6152392126906494
3.321323245815675
3.0464738598664267
2.809189046750472
2.5642588812851774
2.3689886683867822
2.2294758230126384
2.1385376680949526
2.1074572198628734
2.136445201154083
2.2175851149640162
2.322943368698847
2.4570008143435516
2.649143364613821
2.8430499825397932
2.990531245418378
3.083391520945184
3.0733339227897116
2.9942626181568204
2.812053118626946
2.5758050124216316
2.323485068782279
2.1063838010115146
1.9042165840429284
1.759240801460587
1.6490769525898248
1.6049637593261017
1.5640725494159997
1.5664881050090615
1.5954909201476268
1.6229346345585625
1.6526996438544892
1.6496543851537684
1.6309737465804854
1.585968177701914
1.5458759830026123
1.4629094455015026
1.369125092467208
1.2628188430172649
1.16004837756766
1.0859860413382145
1.0214064957148516
0.9881942972115249
0.9465041172553308
0.9124096718838335
0.8798064482261059
0.8682594665942586
0.8817087586455948
0.9095834160809302
0.9369432488883414
0.9768743753966334
0.9821383572833169
0.9736759985165856
0.950620226740312
0.8962897278882883
0.815780854390276
0.7353595965366846
0.6715644274007616
0.6320992189410408
0.6043455144424257
0.6035400346812312
0.6274503962691675
0.6416400402844759
0.656878359316794
0.6950591577798713
0.7239856475881596
0.7521646803928113
0.7637487029059224
0.7823768963686143
0.7788835256276438
0.7700129882987411
0.7146188157197987
0.6659235684444246
0.6058412578179073
0.5345598057166954
0.4831225979545011
0.4657612794703074
0.4394225959506853
0.41469587407628467
0.39721580281761615
0.38538855552549256
0.38169304585042374
0.3806636489018374
0.3827234089995432
0.3916164205667751
0.3937794163644188
0.4107220111138349
0.42933879846987083
0.4545512227796314
0.4745861399235598
0.474120310558794
0.4683214615250455
0.4339997432004842
0.3973472038748497
0.36472492847679877
0.3309072239176237
0.31278252456517175
0.2985674363941643
0.2909883570634452
0.29108833755537966
0.2994690513554519
0.3226634661713498
0.3440142497833783
0.37315474112146985
0.41094429986785475
0.4207676253918655
0.39742233872722477
0.35529284582507675
0.31047592953504377
0.2642199999017659
0.24078774147341364
0.22623621466233557
0.2193103932566563
0.21916620190093913
0.22215909586522348
0.2261846488555449
0.2394642194888915
0.25398492071023876
0.2625830921935599
0.2620582141330804
0.25925830805773975
0.24493135153734713
0.22515221848935602
0.2106448496018909
0.20383337901393309
0.2071584237309829
0.2100626807017485
0.2177770374199581
0.2300785220232976
0.24115017515622167
0.2552867016140902
0.2676497863904718
0.2712503525868861
0.24731884861395131
0.21791411410966252
0.1901024109901283
0.17151286178105143
0.16934764643737885
0.17459028997431375
0.17648372400606374
0.1849742517491102
0.2049376164196464
0.24367162225483005
0.27950181742255825
0.31422557614091584
0.3237782406447568
0.32531547614754974
0.32752705060454496
0.31705512132806946
0.29788933185003974
0.2788932497726203
0.26152250558411794
0.23995566989062012
0.21887566654464893
0.20548102455811199
0.1977270125497561
0.19175630196788684
0.18841638732128543
0.19340092301419756
0.20674193891987785
0.2105615359224417
0.1928089552257294
0.17553341908354209
0.15402687972280404
0.14351754841674533
0.1369710486779289
0.13669472749832534
0.14245796287454954
0.1491767919432881
0.15672170311261494
0.1657292927081211
0.1711000854820932
0.17791574201813737
0.19073102795993008
0.20507732059010494
0.2246484010520598
0.2296308090952998
0.22185730390843983
0.2068397960311504
0.18274480034585922
0.16710845871963168
0.15442236082230656
0.1437800340227531
0.13804873819765187
0.12781208423019796
0.12099377327669636
0.11956456860228079
0.11926614380107817
0.12120013870137086
0.13338112605994223
0.14683547178934525
0.16554419447649224
0.17712717507912212
0.1774816229387498
0.17554537389451302
0.18082088693378565
0.18410020629961002
0.18839126829815434
0.20881310058902172
0.22101398923199708
0.23378467614676995
0.24121343916633073
0.2491719181752206
0.23830232390057834
0.20260902373899606
0.18082510483793848
0.168649047147384
0.16173000598868756
0.15467274516396032
0.14206486886584577
0.13536605240507157
0.1302615168835357
0.1432511372935558
0.1962017013002193
0.25467495547472374
0.26083069745431164
0.21088911943929864
0.16129162689897966
0.1295641286442453
0.12222150327470602
0.12167986501819736
0.12375888711831567
0.12432038271397391
0.12640165011765425
0.14533368639704844
0.16290769734871394
0.18369066500813291
0.2046142217369947
0.2144583215456585
0.20822009847252188
0.1978176344157561
0.1842946033197028
0.1870145956765754
0.18686548172857056
0.17949469367116455
0.16843588796397072
0.16221987538886642
0.16034733343131174
0.16444977807053193
0.166875988756594
0.16674857178297392
0.1639180027642692
0.16155456407965207
0.16425166934389068
0.16519886317320523
0.16679845715714925
0.16842630777348594
0.17210665577448647
0.1700033913619399
0.1699444758980356
0.1708831116036727
0.16780415106731822
0.17022836554552506
0.1763224973388668
0.17176883545655322
0.16949816581141972
0.1687113371598737
0.16485563902358247
0.1531022988817249
0.1503320627078804
0.15112889225324344
0.14935733694177328
0.1461235060729003
0.14752193470808514
0.14989560759637038
0.14257869796334297
0.134199163190368
0.11930597865501952
0.10625113551568122
0.10827860207740034
0.114335604247979
0.12009984372264212
0.1329551751456887
0.1605719210233916
0.19690817765347057
0.21606048644080061
0.21594944824265072
0.19725438662553643
0.16156490214426564
0.1266074056923732
0.12256224682843103
0.1281384118542221
0.13193345287916702
0.13239259190146135
0.12622632049719226
0.1251696763093958
0.128198082984869
0.13248593052182267
0.13118576966901427
0.1300590950699363
0.12542016617880494
0.1293358692628459
0.13822476534740497
0.14279264855411503
0.14876049658809104
0.16893152758987998
0.17462916112490612
0.18106926888851455
0.1801658118281281
0.17086042432782245
0.1392667720077704
0.11353049975176388
0.10607239211549954
0.11154373052663027
0.11699103415534418
0.12226754751017646
0.12338640594767988
0.11838430015524476
0.11349307266272121
0.1085309779284464
0.1042840366422022
0.10163991862546665
0.10667026048955991
0.11880101220815303
0.13590854197006788
0.15229256050183015
0.16868132063970498
0.18012529268839297
0.18390101555488847
0.17133452517472048
0.14933724734759005
0.12723985913011648
0.12023706560283084
0.11779828244453497
0.11053934242556046
0.1079811478097771
0.10468810675759005
0.09736708318537471
0.09634018324076829
0.0987588723416383
0.10269991766303008
0.10058347490193134
0.104702659627676
0.11270645881665839
0.11988605091129304
0.12969941986629374
0.14620614200667376
0.1747428047731487
0.200702489266668
0.21258338071109142
0.20918112745863718
0.1963949486261266
0.17198149257505485
0.13659962423651698
0.10551376337348428
0.09540255872025014
0.09485812177446018
0.10790831933244449
0.11549398212207346
0.10639683949944559
0.10210131182061899
0.10758101397994305
0.11591832557874443
0.13568779399228245
0.15951451059463298
0.17869432439054503
0.18695634396815347
0.17774653704332144
0.17381046178123044
0.1804140125041332
0.17879369984974045
0.17611582877620502
0.17789588248252708
0.17088049966354132
0.1657657265005705
0.16094599494291228
0.15364324570632296
0.14468589641074353
0.1369997983798948
0.1321159152852164
0.12869236664214057
0.13193105235359012
0.13391563648561494
0.12964080797145117
0.12890653009711936
0.14185506637605905
0.17291901444217228
0.19602030461533848
0.1981781587051461
0.17609619478948552
0.14581455021130602
0.12461520549034963
0.124589946855656
0.12780153567914937
0.1313239964777817
0.1229510654976752
0.10998762495375305
0.10775034442637924
0.11312345317544506
0.12338354775300125
0.12713707763568233
0.1268911867440807
0.13161066392953977
0.13877140420475956
0.1432430085537936
0.1493611407604689
0.14944685390341694
0.15100548753530385
0.14832584831149354
0.15303532969233044
0.16643418578690883
0.1776326947765528
0.17309023434166113
0.16606134859536117
0.13308764676823995
0.11138152710579391
0.12013811556166884
0.1299276397697413
0.12883311511004394
0.1202745328286916
0.12535622897038926
0.15420019278296904
0.18736729134248584
0.17136635202874118
0.13080443026645147
0.10620981761652265
0.10691913697685668
0.11637270453973902
0.13007456469364548
0.12097632554213586
0.10352102986688572
0.10812634501266996
0.15843588972409853
0.19638474189492044
0.1919285872246929
0.16987855479635128
0.15276789868724153
0.13923586105890537
0.1542569616076896
0.1587797436075464
0.1466324137761086
0.14088887378043521
0.14024372985740882
0.14899825706065095
0.14016001158199917
0.13885316818075252
0.13665731085370897
0.132123987274829
0.12719898485952352
0.11787526799291004
0.11041078530422238
0.11212976437739516
0.12076292891166243
0.12464688445828759
0.1246147020979127
0.12476246967536023
0.13160665610345326
0.15138505515188636
0.1790046104856857
0.2092728475404188
0.21853210668010928
0.18808578375350776
0.1396765327340561
0.10367250241999576
0.10645876984683356
0.12358507191619675
0.13138536038814635
0.11886851252769562
0.10342581244971605
0.09402569033931676
0.11956355511392897
0.15211158976604397
0.17088453830243147
0.18354596140832735
0.17189969003835562
0.15059229206431174
0.13142466040672446
0.12426659419881769
0.11951471281828127
0.12422306212526829
0.12737963321749368
0.1265139082463817
0.12290878856500034
0.1368352956693893
0.1731347936124338
0.1779897659046407
0.14754115465564344
0.10562353908404043
0.09454637869155177
0.09832296800991142
0.11069744835802939
0.1134367707722006
0.10698480310568684
0.09997512509696646
0.09450753758309458
0.1014849685581459
0.10729547000525891
0.11393642086956005
0.1352695623861128
0.13886825912580003
0.13509111293697995
0.13482269279267717
0.14014621193005333
0.13623327405351277
0.1313066899737227
0.12201697380244408
0.12158377368908041
0.13366182444570493
0.15043529011682819
0.1498913581631298
0.14171790803071013
0.11210645638040947
0.0909742272361524
0.10191137717030391
0.130545465913992
0.13641567797622534
0.1218828387909223
0.11026966719201947
0.12172469580868339
0.15818401970362025
0.18463864822744838
0.18007017099120273
0.17165971477570702
0.15215342225855005
0.13422450776270453
0.1278791970659866
0.12662997494109318
0.1280566648024459
0.12812159663394712
0.12357491630491405
0.11598379241620654
0.11120831444909235
0.10574712475446219
0.10366448824959679
0.10514420918630349
0.10070451277953957
0.09658268876233655
0.0985744810812963
0.10505721206635255
0.10832416113216164
0.1105857070291748
0.11089891458350343
0.1158570158489271
0.12819538397542868
0.12320425881884947
0.10548834300574803
0.09567842481218242
0.09262734947045109
0.09127698474193058
0.0943717990919804
0.09396090962346235
0.09276332440407403
0.09410603975387252
0.10086561793512547
0.1073565766106675
0.11212877879419833
0.1167718311419513
0.11819195774956495
0.11540828067510298
0.10861731108289643
0.10189774574579169
0.09419307776961416
0.0930560406708669
0.09503769677373183
0.09923846054923827
0.09950576413532491
0.09023294239592161
0.09307926860865476
0.09757189618495357
0.10092964372004395
0.10748449465250842
0.11297448596354248
0.10362051582527454
0.09527789432300374
0.08960561576709894
0.09605069912562425
0.10564593752583168
0.1169091929285109
0.11735563646773409
0.12136242161307134
0.12866819338879237
0.1335102761574606
0.1368182962691826
0.1351864313349941
0.1311586493022616
0.13456689158432464
0.13956302500759368
0.14538555603632589
0.1506364331426762
0.1519605699882574
0.1466399500141602
0.1389763121632283
0.13130603920939837
0.12141154153982509
0.10467690291340731
0.09340929623721814
0.0896768581867945
0.08519602919089792
0.08649439506598103
0.08818745980948065
0.08699551294675531
0.08141750633961478
0.07638793713381184
0.07302032403938
0.08455457937101057
0.09554441434673103
0.10798390368416938
0.12514264874634845
0.1330659530264407
0.12665539160570896
0.12749856029474332
0.13003713904511965
0.12381347389171185
0.11448514315101721
0.10662776467889146
0.09930973871368354
0.09737930424614877
0.09592946279071901
0.0932869430338297
0.0913800784859288
0.08813905852302839
0.08708045847688553
0.0859628403660519
0.0876367516456576
0.08479382810969946
0.08161725012726295
0.08196752691818227
0.08375404942497824
0.10433243359423086
0.12109777906016092
0.1239201147739264
0.12095439810105107
0.12372458523292496
0.11349596408250812
0.10597402785815027
0.09565243252289976
0.08957539998318567
0.08844228133462453
0.09078854927894237
0.11141536975365743
0.13416907807534018
0.1464912930503111
0.14702860001246068
0.14889986671068114
0.14459861439327415
0.13278510737167304
0.12676193523124119
0.1129807602297209
0.10285095229326152
0.09962477611862505
0.09775755790952056
0.097616263696885
0.09628455220005863
0.09106776811565928
0.08729859178233187
0.08876275071705333
0.09546863565280819
0.11639577650411814
0.14520037172521702
0.14863567426990396
0.1392984920992595
0.1337753271762268
0.14200743640075203
0.14442499393766156
0.13983024436709796
0.12177237377366415
0.10797171819787249
0.10304181142131838
0.10850583042166526
0.1107405560770093
0.10331366315729956
0.09966498141436628
0.09506525307298025
0.09333240239872334
0.08607723634741332
0.08251007527961171
0.08120895006911799
0.07953402131750503
0.0777401289048679
0.07539115489653431
0.07851463628942179
0.08737871212951998
0.09988010041117892
0.10740372622309816
0.11027046475754068
0.11172814066713868
0.10551099477445558
0.10076957767576059
0.09222739587885176
0.08878924138426889
0.08369447523230764
0.07941198289013171
0.0784284349265798
0.08548918747782794
0.09338458201906322
0.09966050896737336
0.10560021734310393
0.09864693051548382
0.07989758673347691
0.07762254238203109
0.10834560369320559
0.15147163065211355
0.17298488622992034
0.14507483694892337
0.11093119007907234
0.10520168754699072
0.1200731598903318
0.13732656223548975
0.13401547184294044
0.12838527559684146
0.12016979214365989
0.11982551579326597
0.13667074767292567
0.16539267258584633
0.17086176436512007
0.1271408946121099
0.08782933585004815
0.08351355735971452
0.09037302497374111
0.09895516625484088
0.09655042238740003
0.0910045240255545
0.08944001876805455
0.09189597055671461
0.10124461615491528
0.1021983628087142
0.10408504720251077
0.1061985645592029
0.11385404060968227
0.11475722959278134
0.11426990364849984
0.11599094761510856
0.1186497508385802
0.12792865031412856
0.1330399520247754
0.13460882262172694
0.14125645285517283
0.14304747952259797
0.13918884178931676
0.13154563657279994
0.11819877555527189
0.099877436693937
0.09132063841757238
0.09118479379152375
0.09281251737377216
0.09263663117892451
0.08865639706688974
0.08440671840335329
0.08284042605602743
0.08381858673982559
0.08555995643574021
0.09048856603117805
0.09489864884735419
0.09850104079702737
0.10696428530646471
0.11307751950241413
0.11782663721314143
0.11365114789450434
0.12466457185480259
0.16698893096265427
0.20407587475905614
0.2192321300957094
0.20348865407762964
0.16866565153493682
0.12205659637457245
0.10161424236455849
0.0912878429941184
0.08178614648335922
0.07521506615013937
0.07972056158840399
0.08503293563188505
0.08881138643714989
0.08629690711541832
0.08379617296995145
0.08130876588642272
0.08374722527073608
0.09075925928361339
0.10476058935088547
0.11751197761013313
0.13422617510435325
0.15451627832696965
0.16185611565726143
0.15331399871500398
0.1250222385009283
0.1038915973041668
0.09342262532642445
0.09002174922202713
0.089353483734471
0.09057346386547349
0.09038485560190584
0.09278077165567958
0.09834390800035495
0.1026954374296365
0.1086068383948946
0.113319510340713
0.11899016394569509
0.12266932529552119
0.12464003639936297
0.13149986154916898
0.13532160488664305
0.14705825633302572
0.1616546025424938
0.17039877396208575
0.16770101641651988
0.1531470696364053
0.1324143710968848
0.11210370255329685
0.09513672681115873
0.0851164241134384
0.07960673531657853
0.08510920768264885
0.08590412968967048
0.08527756736651976
0.08657109521422698
0.08850541050996927
0.08876041704046497
0.09224231627545373
0.0944779523955398
0.08855914154595915
0.09151298125595028
0.12300944651543114
0.15900790261271003
0.18227982984701682
0.1863387459541956
0.1636956291755781
0.14020799910920032
0.12825335995246437
0.12199927287830958
0.11432935398492747
0.11082237142042387
0.10837832375132847
0.10714469131894624
0.10560498367072929
0.1052396141134844
0.10489383324650231
0.10895031868264579
0.11599985884035932
0.11388209511295688
0.11866994823733121
0.11504516452313654
0.11251898011326927
0.10889339024146527
0.10004024734127337
0.08830222957286257
0.08248616193765523
0.08167913670018723
0.08397739665655038
0.08926104259817377
0.09501852033498365
0.10109600749439854
0.10842990038658815
0.10568246667873665
0.1050639127376716
0.10833988476630119
0.11635280729134792
0.12280215736169597
0.12345235508841859
0.11909472886700306
0.11425883730733205
0.10984074566876856
0.11121270367608443
0.1104247273828364
0.11143692520139031
0.11044446229285343
0.11123580684754875
0.1103170971163159
0.10959795264345903
0.11709277796877712
0.11286069743827606
0.10123287641856277
0.09799820613117177
0.09150576753552708
0.08950248660200158
0.08471814735620542
0.08114685124848789
0.0914328849551207
0.10699223454462203
0.11917884737649867
0.10649333250458412
0.0928441586781926
0.08532032645370402
0.0956200839342029
0.1040843150455148
0.10920724166929194
0.11550701455912823
0.11997038498204857
0.12008092442628679
0.11377958237781999
0.10651981637807065
0.10585161300459306
0.10698243014360756
0.10485989291711922
0.10761232351372349
0.11018486304822736
0.10955971352144875
0.10852034766712992
0.11179710950647187
0.11528087544832924
0.11416140806435512
0.11745244762895282
0.12221287448029111
0.13394593270216293
0.1400767179192264
0.13970096177129318
0.14300824078117183
0.14931721766626657
0.14844047369156219
0.14535702135944795
0.14083382155023275
0.13968666537572033
0.13984739166442114
0.13457922095114602
0.13247881068286346
0.13989928977958735
0.14728695713784598
0.14473358551884064
0.13449462055518424
0.12315705308116903
0.11173765094524593
0.09836784985507258
0.09212747021111423
0.09164142319716545
0.09003000171351486
0.08839053795121524
0.08628513357183237
0.08794894128735661
0.09495937868831916
0.10793709865730919
0.12171428057078232
0.13516041955320438
0.14453805986958204
0.14004566381650618
0.13082289399589372
0.12069512181929531
0.11018511048934532
0.10184936375939119
0.09441899567865855
0.08712946551243769
0.08720108059068465
0.09187300230119652
0.09378820347074904
0.08418213381336892
0.0843876338822182
0.09496433250125025
0.10752758863734274
0.13679715332486717
0.1653478050725024
0.18063905724105264
0.1817370525880247
0.17815038413400544
0.1609735451382576
0.14113490036473123
0.12458867860108233
0.10649283484148139
0.09521682803241605
0.08743820176999201
0.08431316632989522
0.08370114344351451
0.08223591299366581
0.0803447768340125
0.07893091026495205
0.08118476178171749
0.08405535432151107
0.08452198806340622
0.08620348815056975
0.08449229627598004
0.08524216553786099
0.08668514286208914
0.09697402876846556
0.10940521241443008
0.12288231278920542
0.12333416722319321
0.1134601597684011
0.10007253150645565
0.09109874001802504
0.09128127967726926
0.08952410902246835
0.0800675733559382
0.0812455274819334
0.0875432895260749
0.09061190414807496
0.09361900140297563
0.09563308256785655
0.09294528259844037
0.09261318842264421
0.09559191566791389
0.09906701210554877
0.10387992327768836
0.11337124504337376
0.12763850459662723
0.1355608615466457
0.1348858191499358
0.10533748337129883
0.0893914219839464
0.09112370596072947
0.09627561878845345
0.09999337777256564
0.0992578885555982
0.09666902679102357
0.09303149485245982
0.08618508870555086
0.09427050473388651
0.10843599822475589
0.12258475023573773
0.13454879485196514
0.14612762234171972
0.1572621643010543
0.16850920579302145
0.17144927074682526
0.17150316463948115
0.1659117356850404
0.15114948874152456
0.13961187344983514
0.123886426985921
0.11052343257716368
0.10064098470251301
0.09034715427736073
0.09124603921356497
0.09711777455271739
0.10308300885284491
0.10382871219782308
0.09499740803476953
0.08212435640751281
0.07673799002810205
0.08881120077156882
0.10333568114547775
0.11385086313298845
0.11761489985747156
0.12320786280231391
0.11710931798126767
0.1130391123608343
0.10703407431049808
0.09957397721975117
0.08989359686968942
0.08907134460859195
0.08787816471741663
0.08347786630510651
0.08152290101124776
0.07842534048651384
0.07688175333735311
0.08080475538526671
0.09794075078578732
0.11243663174392363
0.10691466426881294
0.09223844658455074
0.07688506205984216
0.09793677216248045
0.12619932046622065
0.12514631690024747
0.1007910593338947
0.08998072430721757
0.10955595037479735
0.12534127722541005
0.13488907386989427
0.12241327671949953
0.10732127885366369
0.10672567825416293
0.11357262878383553
0.13508959078147267
0.1468176134091837
0.13596957721892586
0.12237680041290536
0.1038911212944974
0.08621304618300282
0.08700310006905332
0.09939962616022366
0.11219397663227698
0.11650347086497387
0.10369607094033262
0.09615732477056732
0.09971631458981686
0.11318186807119493
0.1343486422157072
0.155970636517878
0.15901894434150707
0.14908459591558473
0.13867746047544682
0.1297568076846985
0.12747970780287457
0.114753989040422
0.09451607031296003
0.0917471659362731
0.10598525998957947
0.11548603713924552
0.11707267621567741
0.10628873455543666
0.09484292595231777
0.08398198047495381
0.07548214844182069
0.08602552602568647
0.09891172901710515
0.10887576821880465
0.10916314653357362
0.11650057126287292
0.1435738066640739
0.1571780123918258
0.1664181616854804
0.17223054770359494
0.17633020405218117
0.17750784676921672
0.1553007284563311
0.12361718692694937
0.09759009873498872
0.08764454487057943
0.08940354960559657
0.09297788221806141
0.09170410015038008
0.0872730897952102
0.08197265822336533
0.08084660526444187
0.09151088147396552
0.1076540176465034
0.11540766268228014
0.09898517331536599
0.08124827366237716
0.08908795914565135
0.10134485150438957
0.1040390829016376
0.10603219650425164
0.09885324336955889
0.09734753654439582
0.0993730241460887
0.10179047906372315
0.09987897358475609
0.09928645837215666
0.09621484195992042
0.09583289923426977
0.09527700065409767
0.0979794025745726
0.10365934656036233
0.10780425422025428
0.1094819108721106
0.1137647091878494
0.1120614863051729
0.1084066765545588
0.1077850333706531
0.10669618577702233
0.10330927288383274
0.09649238860375756
0.087458145751168
0.08349418403779224
0.08352686488929029
0.08491631245803363
0.08774905176671771
0.08682019517425954
0.08932332321541081
0.09671468425586441
0.1100724253522333
0.11182803027486476
0.10765293982313026
0.09606675653121532
0.09970403824143784
0.10034826904992844
0.10171629857244266
0.09708455385020534
0.09227110653385392
0.09379952974006
0.1022739799424518
0.11063628854561086
0.11505364691124512
0.10889702518455288
0.09891300855043098
0.0904139983210013
0.09083827104952494
0.092760089212887
0.0939289575925494
0.09636762216381842
0.09834647830739313
0.09342484791742706
0.09171326195796081
0.09163276060191347
0.0891413651879282
0.09219865433621499
0.09765059418852631
0.09299996171530908
0.09119304642981338
0.08876659594612099
0.086933251150346
0.09223152517169686
0.10100798628049987
0.10868145281978339
0.10096457970347106
0.09934032742283622
0.0943533566261428
0.09386203637718724
0.091445168422636
0.0930661036887695
0.09761205425443212
0.1045644907458532
0.10946655915473716
0.1009772357064968
0.09652837048406279
0.10263817596903946
0.11463888813118797
0.13223881199034887
0.14338899809596195
0.1646974593654624
0.15683898793201753
0.14928794947236987
0.13005407060491248
0.10865880990912602
0.09295021973397799
0.08743355891677665
0.08618569664016221
0.0890376713699513
0.09002143764526396
0.0880313626251781
0.08762272520650563
0.09605005482039203
0.0972391107811382
0.09324779718820811
0.09857779123284025
0.10889940558275818
0.11787753862302197
0.12020256889572462
0.12364223241090239
0.11874305407203475
0.11210859265945441
0.10297287623566123
0.0963870442805693
0.09359240130192248
0.09277442833646968
0.09266519016874375
0.09337997804555995
0.09859539616937602
0.10543198179824875
0.11086526320943524
0.11401119740198062
0.11413411675540056
0.11542543538382635
0.11633967532945819
0.11448970420551571
0.11123615560479899
0.10471414893316086
0.09716900646595869
0.09458234658554343
0.0886983198658361
0.08270643430799585
0.0854351854840513
0.08351810093924222
0.08496350151533702
0.09204646118129758
0.09891658692019839
0.10619540196025287
0.11155306461816264
0.11133363897547979
0.10482529675573499
0.09802440611736793
0.09132035316346263
0.0853859116936529
0.08096136276469446
0.08087847588967978
0.08091594222774898
0.08115588316754391
0.08710471103372916
0.09351013080912121
0.10401312378465569
0.10879298220518088
0.1105901041690128
0.10320141772924588
0.11076282259494613
0.12605641203957033
0.14789348287015025
0.16710619716561137
0.17150195775595928
0.1640855169648966
0.1467616293491994
0.1289660745659315
0.11788209154029444
0.11018954776195175
0.10537043139870764
0.09830290324058993
0.08924936350068524
0.08397026057301876
0.0835624725326034
0.08626921124338291
0.08904618717879603
0.09508318780704228
0.10438467570276552
0.1101143532875386
0.10796004895263706
0.09370817037072135
0.08488171868000538
0.08282084400899087
0.08540133580304585
0.08646362752905337
0.08464050046798949
0.08480761542400381
0.09647687567912666
0.11304553737643322
0.12519580035213446
0.13438816550603186
0.12320315650904973
0.09850938445912441
0.101041602407477
0.11492800963427754
0.12387849930337008
0.12066288533250227
0.1130082864420344
0.1107462028714255
0.11613711087304032
0.12493394645824987
0.12096256734445895
0.12080659340629482
0.13915065896499337
0.15508230348458985
0.1552355006487847
0.14642945192198295
0.11120334157705913
0.09236547983623902
0.09266172012489293
0.10806867545686724
0.12707061938027706
0.13523687802191686
0.11293615082708292
0.08959013192900028
0.09436030263616837
0.11122323434106673
0.11523015368711631
0.10403991376092625
0.0938855929629879
0.09547670886019438
0.10109382297474886
0.09860410302389816
0.08875175872506855
0.0867156462658088
0.09238957707600226
0.10146606847536613
0.11212291392463397
0.10856553993800971
0.10390559064124066
0.09699540138982723
0.09962367500290484
0.10604818677856534
0.1047877213162903
0.092040703353121
0.0904099590138257
0.09127529980834245
0.09106926698705572
0.08846973459267732
0.08884049436122723
0.08877017984768482
0.08413597455741503
0.08524034835378791
0.08984611157458594
0.09875085736513745
0.11453560365547638
0.11814236898809632
0.11490039981171757
0.10252557328364231
0.09499299327362792
0.10617426296292129
0.12420561346163447
0.14216156291266285
0.14934271137978353
0.14029512921335255
0.12993084945712363
0.11603030493863567
0.10275666503130429
0.09520605817133923
0.09977596469758179
0.09997962998163856
0.09567831386116704
0.09158976407219999
0.09270431826689543
0.09816063522891741
0.10770439083218925
0.1125620945211453
0.11793488122168733
0.11946378823778162
0.12095504885589045
0.11732299723036224
0.11382554230305614
0.11327566516625218
0.11082342771914838
0.10031630372498737
0.08920099180664084
0.08146403538474664
0.08497425588478794
0.08392911132788825
0.08302978416418133
0.08194376094703676
0.08098883341567711
0.08234722680411877
0.08880527538016342
0.0977203392473927
0.10962312996532694
0.12522358932379252
0.13999326336035234
0.14995246048047736
0.1501421831642653
0.13634696518509512
0.12050735355812792
0.10674876993836477
0.09213530982722196
0.07859404511222615
0.08766302299052475
0.10024476772165486
0.10709792462649612
0.10551962140423918
0.10126634581144564
0.0977414554054071
0.09141120677071801
0.08472283901849789
0.07999770783598217
0.07663634520619936
0.0786216909726182
0.089887392265071
0.10023384872919672
0.10779352237955267
0.11467204503440154
0.12019903789666389
0.12119170302517646
0.11867469079173543
0.12026087795070825
0.11476572819924732
0.10061500230081513
0.09258872417833977
0.08951515887449205
0.08631117108903535
0.07953086079484517
0.08057066204323249
0.08722433286824749
0.09211550877571292
0.09557452710260775
0.10145574018862291
0.1054735458021624
0.11321103294849438
0.12781131741285723
0.14028549062229329
0.13957537124915761
0.12413466824259925
0.1055256496745994
0.10090645067071444
0.0978915846816926
0.0943912083134579
0.09567250597218363
0.09769439929566315
0.09389622137690659
0.10371357424669334
0.11731743697750682
0.1257358145506367
0.12855448062599206
0.12373280960311969
0.12100157166192715
0.13079723628057602
0.14979589952359346
0.1623212395182401
0.1514373818988374
0.13401073447918718
0.12254951274946344
0.1440485772885866
0.1655196411713883
0.18082323758971056
0.17873840684627895
0.15952698195150125
0.12012893406246375
0.08653638970705452
0.08463028137195316
0.10272122391741992
0.11175560138760013
0.1174147180783767
0.11484767885093933
0.10222500512706065
0.08979777791821911
0.0835915826504981
0.0798620348506612
0.07892800946361839
0.08407493106320166
0.09268338930302342
0.10238567459354161
0.11734800858271857
0.1280920659756264
0.1253634067947289
0.11704030491129211
0.10931218423749492
0.10234838940837082
0.10439704994728449
0.12069506773870192
0.13152782232832186
0.1320802541395467
0.1192328557341576
0.09760372070999498
0.08479719173371936
0.08242199897758204
0.07992748747946346
0.0812706454547013
0.08416541480988388
0.08697978516430119
0.09461657915368243
0.103916718643107
0.11253798137238866
0.10952830299369742
0.09417896981155682
0.09263251584144888
0.10499463091743677
0.11968877647819445
0.13182871503524407
0.1436646053356279
0.13702893887157855
0.12066085097106663
0.10975887708979293
0.11308788808344533
0.11620260463512194
0.10968275101712205
0.09522952090830142
0.09104479240485727
0.09715893404211781
0.10105232312597215
0.09248290191596104
0.08579037925810537
0.08297970548748893
0.08227209466581412
0.08458559159689347
0.08547689544677364
0.08255199312392283
0.08019187912330072
0.08165812647445644
0.08573462419407138
0.08987476776518522
0.08882633295301698
0.09655989867775949
0.10066624849611239
0.0994743859679838
0.08835932984951222
0.08053440119681718
0.07245232342875144
0.08234363812563683
0.11651190471935388
0.12920028736089628
0.1250920116847624
0.11592867608831178
0.11127017051480387
0.10562618538279692
0.09563005286120577
0.085948727976462
0.07548110041041384
0.07184000455154788
0.07421840503785365
0.08193913432018121
0.08595331906619921
0.08698508088930862
0.0894240954183208
0.090442404504814
0.08835723755138314
0.09155776813560049
0.0969600694938417
0.1059206633547771
0.11504430734482601
0.12308715440058973
0.1253224754942223
0.12708872443513763
0.1325359563928072
0.13565036868498748
0.13864399986306472
0.13313417929768973
0.12248802283711485
0.1162134501239655
0.11192128976974022
0.10398837378465453
0.09920806375457292
0.09602814745333238
0.10010886255503626
0.10638982192942542
0.11529169318918828
0.12291520370177786
0.12343766962665603
0.11686743584155052
0.10907834471959243
0.10317025500586552
0.09379389392911305
0.08886471824899042
0.08245229720643266
0.07834094041458964
0.07694280143035828
0.07893054903209193
0.08041343299885378
0.08136543668964363
0.08168324510248681
0.0807453071320973
0.08050699058692998
0.08471924619393248
0.09065134508980838
0.09918419678963997
0.11234662991110786
0.12147009839263473
0.1312543594339553
0.16058653832546177
0.17134094236698263
0.17739464780806888
0.17098654325290988
0.15373645480674147
0.13201742347211226
0.09671715134851078
0.08088688605810537
0.08534720699418802
0.0881043344065664
0.08759466907806082
0.08394262599777952
0.07934187006665727
0.07622493067082126
0.07395369999015611
0.07367015415498757
0.0758696615456067
0.08056185178187808
0.08805051319747642
0.09591634874817809
0.11152419519360598
0.1258250381988768
0.13371815581298852
0.11430236495601304
0.10452284604775255
0.094772431579453
0.08504016058197564
0.08681670401195288
0.09108027096958057
0.0934106121089851
0.09175360793900944
0.08672672990987557
0.08088661217009177
0.08046771004075959
0.08822634969806181
0.09928620744220931
0.1088795937543518
0.10990468544487159
0.10342237190780582
0.09558177786548386
0.08957552597395146
0.08804789379714284
0.09085413623747635
0.09330968808478166
0.09710456079274846
0.09197491803095631
0.08782528439581064
0.0829086768192373
0.08139695630957411
0.08551509429783208
0.08780830886883265
0.08749500134805263
0.08541959089655812
0.08576809344592887
0.08619389087640172
0.09840713789718664
0.11684799840648177
0.13498711768183627
0.14671648457034314
0.14335597812041054
0.13773988179191332
0.1257390503004996
0.10318214595686157
0.09374795671785296
0.09218030570643426
0.09582440093179631
0.09513291798923101
0.09330768321564589
0.09307807512126848
0.10261554867139311
0.11102232969877515
0.11966557070253556
0.12673288508806643
0.13478164463137368
0.13123323765958034
0.1280998729267733
0.11994495188866897
0.10939286393641151
0.10166494551411351
0.0944312016129425
0.09197183311124962
0.09718533218014797
0.09897330440760518
0.09947717739065179
0.09966877805093086
0.09660886863472251
0.10069916646431529
0.10792129895963296
0.1064935141807011
0.10091035690422429
0.10324110680099702
0.11921103549383569
0.13729029729670877
0.14798917016226468
0.1440606993962712
0.1360033532621281
0.12743341002390057
0.11816924241564752
0.10138631332370734
0.08871131063456603
0.09250168549621884
0.11370175746387054
0.12770546221069767
0.13065826720699103
0.12413237494164034
0.11380866286772087
0.09951670833158696
0.08604592065254504
0.08716745387223784
0.0906560409024349
0.09385363012964096
0.10040405346600148
0.10455091450994347
0.10938695825755315
0.11689344839102206
0.12276949244603955
0.12303016121126265
0.12052339137269144
0.10880529804971903
0.10111851440751463
0.0953407296674754
0.08393155369679287
0.07970141311986623
0.08386249274646634
0.09207161558455512
0.09348229349389647
0.09441282749868984
0.0962963244687246
0.08989079193691157
0.09219032107210123
0.09590203805560232
0.10045604879080308
0.09803857599507895
0.08857143206960616
0.0838512173057192
0.08056810388311245
0.07985974238369375
0.08449121315544808
0.0888223695702147
0.0894919169318121
0.08550525738067305
0.07992029345971763
0.08189404551849647
0.08537215111886129
0.0964568374666934
0.1036409809995224
0.10648573041781947
0.107613264244493
0.1085288848840793
0.11168775055504868
0.1136208660385229
0.1138448800700301
0.12620984256878856
0.14654831239088104
0.16770831570733305
0.16580162988244293
0.14791232122304343
0.12940853142986636
0.12417006047872223
0.13870206078412456
0.14687628289209118
0.14475429798486678
0.117315803032569
0.08822460200263463
0.08761786767035282
0.09817730916002529
0.0960859495635607
0.08744120433944116
0.0849527059771874
0.08795768194370665
0.09455453053793436
0.09247701459768656
0.09312654391720052
0.09217541773697191
0.09282603651719765
0.09187892921023916
0.09106125034750334
0.09026758378347552
0.08903838332361977
0.08747214414185117
0.08769358123239707
0.09066287200031489
0.0939692651930816
0.0975369312175551
0.1012322462602574
0.10412844114845093
0.10218783433649636
0.0991592255778572
0.09866985521386751
0.093825428008417
0.09312365979775455
0.092144861499001
0.09192788395517229
0.09097503718264918
0.08897690319836152
0.08801996039505738
0.09047491319718046
0.08881083534120043
0.08940999224391347
0.08789989586201866
0.08812998170728292
0.08907061584710749
0.08875659925895035
0.08660028345292914
0.08614466428134462
0.08621028986360552
0.0845051716926247
0.0847628165789436
0.0893655237258637
0.09176657489814011
0.09097511194635843
0.08487945963252835
0.08125805927676757
0.08071776502208317
0.08311448867552718
0.0834044480941083
0.08399792609512086
0.08652514151523955
0.09369153057485546
0.09507812654220163
0.1013198289950758
0.1083188432249359
0.12034040123167217
0.13226859904999425
0.1397757043267089
0.14396288947730468
0.1438511835216975
0.14026932869742276
0.13013621654681656
0.12104426413108119
0.11288177768546706
0.10645227704130966
0.09472909672381896
0.08458633893541032
0.08828531712450388
0.09514763894820327
0.09420211265708453
0.08601279428338018
0.08007598085151688
0.0741154510606134
0.0723557747719652
0.0737212644513005
0.07786390307287086
0.08708585423688767
0.10033679384555075
0.10782701039596865
0.1164397727647539
0.11517399069534648
0.11281979649583809
0.10523021088428389
0.0939221601025419
0.08145747771834472
0.07960272954831685
0.08328980084828344
0.0932809017716808
0.10159912297800847
0.1159596080300048
0.1211071535485368
0.11870286125003518
0.10828776705189741
0.09882424619704483
0.10162262546420758
0.10945993192217446
0.11276523658144719
0.10491663363169915
0.09953918063177772
0.09713645314495092
0.09577584512498871
0.0948501968711121
0.09273435135793104
0.08917244939071486
0.08735412311111987
0.09125969407978948
0.0954365052198016
0.09518760547303462
0.09497017118943527
0.08851563798602283
0.08068458096759887
0.09126234727994514
0.11048059805942981
0.12714287973987776
0.12495854026134384
0.1128385585265973
0.08962373716746191
0.08440476930671739
0.09897803922204265
0.11541017008767213
0.11229201381393261
0.10780718149578516
0.10050298021821777
0.09081390693941097
0.08316547073160171
0.07783206370278209
0.07699458125541092
0.07645897426873491
0.07960219529783322
0.08167472910277573
0.08441737430001753
0.08629920565556562
0.09347961589933437
0.10333187911136435
0.1175263321856081
0.1330809792468062
0.14394214984050752
0.15600723197051838
0.15682809957146782
0.15844154648685463
0.15625585288399657
0.15022656159186423
0.13562439120837794
0.11722067856512294
0.09903387747276524
0.08678734338522234
0.07798100236418629
0.07605683306587674
0.07860630382496273
0.08345364304922664
0.08965758730424345
0.09037008134575378
0.0970607387198375
0.10415164295997145
0.10265251022443703
0.09868621859026475
0.09685966883458441
0.09783696126497854
0.09908580445078144
0.0982793482185289
0.09608326257141472
0.09065611995201531
0.08501539376221506
0.08230446806646166
0.08296480606169887
0.08699907420608471
0.09015728092337036
0.09305716113641699
0.08995814233675911
0.08492902000438313
0.07991321001873278
0.07843714401621174
0.08024966939999026
0.07929142672795544
0.07674591798365826
0.07817762047054899
0.07916307094111052
0.0791676627086999
0.07938066804539687
0.08035900868304818
0.08248498193790058
0.08100960691633324
0.08531542989242152
0.09240854636509471
0.09549716280377402
0.08586444635952428
0.07766461785680312
0.0748468368178275
0.07272769919591654
0.07622435559842672
0.08220740894916309
0.08279459121184657
0.08468246249359154
0.08669862246115853
0.0832158915833984
0.07866302572620198
0.07472650459370431
0.07342599118085644
0.07475340575849213
0.08038251152562173
0.08587926037830773
0.0967832481173771
0.10736582065724742
0.11402706836383311
0.11661003486219851
0.11234076337350171
0.10123357435192634
0.09246246411256878
0.08914869225145639
0.09826908286141597
0.10898456149832284
0.12247492864748313
0.13434308410771253
0.1435340478829089
0.12247808796511311
0.11239700091285273
0.10708134420386531
0.10195643369003132
0.09940129713829679
0.09372668256635924
0.09120840789718809
0.09070577951447331
0.08989344861623247
0.09079370266664483
0.09159495015983454
0.08991110761955959
0.0866318305793494
0.07899646276791106
0.07194509232635493
0.07669537312862784
0.08505307317999897
0.08637355910787659
0.07742099861313129
0.07594136946803098
0.07575119945195768
0.07337940122335335
0.07350021387661884
0.07492160900451486
0.07638897494805813
0.07816972636424491
0.07927595843157512
0.07967872228130823
0.08014830670963186
0.08068109445720295
0.08397277481343832
0.08283246055490176
0.07882724649583625
0.07915818184857112
0.07918409574646712
0.08413082049863391
0.08923917979175439
0.09432685308018005
0.0950279053343226
0.09423517202881507
0.09068621357760881
0.08572893313795105
0.08559051427482736
0.08883242397207358
0.09876833284814693
0.10821042711056025
0.11568771656331361
0.11328137181796871
0.10958631964873364
0.10943201370488209
0.10482443159105731
0.09991685063835207
0.0933291412398527
0.09022283523596766
0.09350934204199263
0.09575830436024255
0.0999836346558566
0.10654492519736372
0.11288825396313287
0.12297750343944608
0.12373045355759166
0.11630326254096177
0.10293191521155592
0.09219354820573691
0.08765152156205905
0.09855807165926794
0.10619099832723064
0.1096920823685224
0.11425446829092581
0.10915845001993671
0.09507223386103966
0.08783023273606788
0.09501194229988091
0.11262180979936806
0.1296419097782846
0.1484765193196956
0.17364822072899944
0.18360395718769965
0.18910249089489134
0.1683062336491782
0.1356987326749883
0.1192190414502042
0.11192170857037756
0.10467687704220174
0.10186873880541589
0.09637868847028824
0.09439098895943307
0.09407400204265415
0.09527734982654254
0.09689150770536123
0.09582712699253623
0.09492808032144015
0.0898191196940771
0.0849596311666343
0.08412990194916178
0.08979451186084286
0.09401775422336953
0.1077028570070501
0.12036316151400056
0.12013409244897483
0.11171707589139346
0.10284745533592785
0.09692498365810662
0.09374078244395523
0.0909092619346071
0.09367755666129232
0.09923534952610685
0.09866581613977826
0.09336356814330243
0.08784171005749322
0.08104098617742359
0.08066709793585086
0.08831057576530724
0.09823389662351686
0.10656515054385865
0.10971116620910554
0.11269883786386409
0.1117267332844818
0.11067826151913238
0.10900660039075113
0.10610079675157014
0.10113162841679102
0.09604954953274622
0.09202675741113833
0.09012033662544155
0.09059862507663294
0.08922104470366668
0.08911173722991944
0.08663389433323945
0.08494843321274029
0.08250926130478933
0.07844635953941737
0.07516088243292463
0.07229329611665034
0.06920132094895892
0.06824486885010023
0.07158408579254394
0.07377984851356967
0.0766488974618964
0.08483918667856347
0.09055223879295135
0.09119586745750297
0.09059836547808131
0.09217731581864444
0.08787589898428752
0.0881656673980615
0.09030283136837028
0.09301765643123477
0.0903788190602639
0.08559787214876016
0.08175640329326606
0.07794493897299734
0.07723914029071449
0.08959190881384815
0.10088514764743922
0.11269296682533958
0.12389328599212932
0.1292119622965216
0.12608551117723255
0.12125129861206227
0.11897068496870891
0.1117201289797092
0.10446672819693864
0.09700286564956151
0.08833262387147492
0.07986324225968222
0.07524119663484485
0.07193331728713151
0.06861133364411975
0.06813439842357114
0.0706684217428912
0.07173369515936628
0.07283895345640601
0.07221269981101425
0.0688319435732764
0.06795328670755216
0.06874263348176263
0.0712886503633354
0.07494737699674636
0.08207996879850024
0.09235516796493992
0.10587481582304792
0.11020991820836984
0.10031623425126632
0.08980372652523091
0.0751629857390392
0.06983864306734375
0.07180736618222511
0.07791254538820047
0.082046478470152
0.08588046780693867
0.09067499262794881
0.0964704764491009
0.09783801684517865
0.09151665102286277
0.08298370666870039
0.07905602215672025
0.08333426377918893
0.08781132205639583
0.10081062301803517
0.12156049981870717
0.1412454536276681
0.14627727442036578
0.1351146173534352
0.12157361093847233
0.10606429236615192
0.09682621369212921
0.09052993995979125
0.08335693348250106
0.07707930954766201
0.07692096845969887
0.08421119078620068
0.08729718888319488
0.08725524078355068
0.0789232768164129
0.07159921386670526
0.07176419994336741
0.08160920051062032
0.09374093062039657
0.11118657200104728
0.12383224103956841
0.12569561306252716
0.1230542195995879
0.11332184159691153
0.0976985416727407
0.08942340863014386
0.07817125433466149
0.0724581558213302
0.07112504391518137
0.07660498272447402
0.08125972695666492
0.08137699522822708
0.07706215333437785
0.08070184704744496
0.09471100553007025
0.10546495672200462
0.1119894257513864
0.11020360275395982
0.10907590384019358
0.1074039452140865
0.10872182270849415
0.11156019124677707
0.1153929681278133
0.11715998277650133
0.1173217593114888
0.11554508258464269
0.1074320261218378
0.10061576934220737
0.09929342910514571
0.10184139066598874
0.10263989470941984
0.10302849540841438
0.10352652213844354
0.10311389802741783
0.10431625929596003
0.10424596126887564
0.10324631633272863
0.10909366504668377
0.11328664708350186
0.1045357107092156
0.09652427612324091
0.07836923877205265
0.06898467212580772
0.06545692634386432
0.06730171797261772
0.06783208699057919
0.06975594046916303
0.07562157067459721
0.0789295457146538
0.0820248528623318
0.08703416388015484
0.0919110468117173
0.09487325970308266
0.09214905606888321
0.08905470072759947
0.08684643078196047
0.0872792403552082
0.08654304047119585
0.08406107990036574
0.08140781348714168
0.08041183444275604
0.08162427458557905
0.08627952872464328
0.10504640426707856
0.12075528870544683
0.11634014330266432
0.10603915252438562
0.08460143195820133
0.08100401486548131
0.09457790983817754
0.10882262100242157
0.10869749530548184
0.09896281207720342
0.08617936306134427
0.08746170911777651
0.0953285933175805
0.09973374840311713
0.09658745972814281
0.08745541938662232
0.0811536395379327
0.08001514602163415
0.08285834469808809
0.08483404143443124
0.07933935720632906
0.07704900854656047
0.07954492983702896
0.08555911870716254
0.08732123956779966
0.08971589154256007
0.08493293898250068
0.0823783641849567
0.079828734489654
0.08304965743704401
0.08488669171616556
0.09011330234602688
0.09277595641786057
0.09754866079466659
0.10192037101758661
0.09884379102662846
0.10335817574666281
0.10106042418281183
0.0999243723793263
0.10016312316555528
0.1020117058722716
0.1041388832640375
0.11247253634215501
0.1222445541254022
0.12603150392607476
0.13300790645696037
0.14469974687526577
0.16620679448530684
0.17621227995000766
0.1657438850811185
0.143138858005425
0.09973430705044531
0.08138813002209352
0.09383589576104148
0.10883388354895318
0.11316348241731256
0.10918060859177636
0.09669243059977778
0.08216283256439
0.07141114568100465
0.08323922739464967
0.09779149017201794
0.10135221203604894
0.09984399622602297
0.10630706358648256
0.1160043161408239
0.12055130826741958
0.12480879480455787
0.12086152743970643
0.1158710350761564
0.10374495764155683
0.09447381032197491
0.08762879692102207
0.08870613006569358
0.08726091284217119
0.07983167052531523
0.07833042250599995
0.07897013970576569
0.07829093832513215
0.0803524638372875
0.09017633381350246
0.09876690145717781
0.10277586268016844
0.09826938230519322
0.09493207731125425
0.0918060276666045
0.09358701538896474
0.09179756971334138
0.08811935732186535
0.08700608347286212
0.08458375716141628
0.07998765463935062
0.08032829325804411
0.0845152701824109
0.08743807549927776
0.08992332781539258
0.0925685497054474
0.09613147361061164
0.10082057772265349
0.12498093774302216
0.145328820343316
0.15337793255609938
0.14147190878954155
0.11376324567834628
0.07717217473553292
0.06904519668475106
0.07924602003374046
0.09503849237308318
0.1087285929051709
0.11212106748402889
0.1085805508994
0.09740176524395355
0.08587745327710483
0.0787378127952228
0.08070023365766302
0.08407118660879595
0.09279293205780414
0.0967497986545994
0.09646267821000767
0.09993548189057083
0.10322816487833211
0.10199341052288471
0.10083340979245317
0.09716750648160916
0.09473159359854444
0.089309535659896
0.08680944499832677
0.08678265606300628
0.08845867246510952
0.09177727933904697
0.09882424937699202
0.10511832960723824
0.10873451209971866
0.10784248028279542
0.10773569389578513
0.1138917543691152
0.12105662733059175
0.1267616330465467
0.12462534830550498
0.11936564946274641
0.10644475882679597
0.09148606485477709
0.08390051876454924
0.09196060005184306
0.10268787855193232
0.10817478628866933
0.10415204557097754
0.09196205821481929
0.07721013843517474
0.06707106679127825
0.06332371318111693
0.07136319519808093
0.08414896764724342
0.1127886234261925
0.12811234088744977
0.11780950200838616
0.10757256815520894
0.09419494890128055
0.0912348024417729
0.09277391772957749
0.09501298759496896
0.09690244671329856
0.09387765776149787
0.08775042811600547
0.08021286889121967
0.07738070757475943
0.0759821678348526
0.07743527681438211
0.0815758808783498
0.08634445169755592
0.09122103522101233
0.10096404862348612
0.11120434330002785
0.11549661634300293
0.1090136631534449
0.09796238337511351
0.08946564434505647
0.08828358704984768
0.08765904659020857
0.08634473745641458
0.07903338725342182
0.07419032738048723
0.07160313290961084
0.07090372865852496
0.07105489784043922
0.06983481476220144
0.07007862654377345
0.07005293928568207
0.07181198515971826
0.07389548754343811
0.07160671875482574
0.06635791318955503
0.06334647468852397
0.06569307712403741
0.06957253592133353
0.07677773384328843
0.0765438999840082
0.07633790953892491
0.07569398951015124
0.0773181181001755
0.0806582246060723
0.08499632980147329
0.0921752871560052
0.09779939436084645
0.09911416285988589
0.10285963849686763
0.10788611500451534
0.11100072611617978
0.1165555866171972
0.12085527535227461
0.11649481904397785
0.10949371137498062
0.10447422779059248
0.10049830639864768
0.10050659724534478
0.10518148112005551
0.10705956886815449
0.11129046627272823
0.10864147939712629
0.10450353458644243
0.09757382137757228
0.09363347568844066
0.09258738053554066
0.09254342514531155
0.09216033891060299
0.09207322586445396
0.09098281855551105
0.08560091856215118
0.08069693179342463
0.07626199042410425
0.07733561751352927
0.08002822413931879
0.08067860420624492
0.08124782280462903
0.08168249594137517
0.08289004988840867
0.08671716511341707
0.09065933125482648
0.0940635429728425
0.0952110247427361
0.0966842941098881
0.09613513194585943
0.09326539403968631
0.0904753397338792
0.09394776241738773
0.0945480354428471
0.0933370438252634
0.0905226707780058
0.08571522261160652
0.07967939570383836
0.07425407881220839
0.07492797287062483
0.07447541604884292
0.06924813208475059
0.06564751088234014
0.06436633248209978
0.06722806314831267
0.0699681346180262
0.07092125463348878
0.07318653663717309
0.07754763844115331
0.08078905768534309
0.07924451792532189
0.08213467796130014
0.08238713206718981
0.08235270831865527
0.08259132145026232
0.07824486600818553
0.07175355867603717
0.09616694858219924
0.12020696941249512
0.11996385147124936
0.11017138260617909
0.09408931624735062
0.0838370801096982
0.08239874975279604
0.08267456195239359
0.0826904233807938
0.08260879650322869
0.08344364558539294
0.08506116474581737
0.0907258596996838
0.09341659571949232
0.09115988356321011
0.08857082631207819
0.08758776676779484
0.09154587869558867
0.09617748340699178
0.098026439643804
0.10117034575083117
0.10726004050837479
0.110086291705499
0.10903799413643744
0.1076460712523307
0.10355145567162419
0.09987261056883265
0.0971355724303121
0.09255195384415263
0.09097220279835555
0.08698396892577365
0.08836341148725424
0.09372317891944526
0.09638387227726644
0.09765371403563539
0.09858712346030443
0.09974763664255512
0.10128103402075334
0.10077304279668009
0.10234059521566566
0.11036771753844657
0.10926189332232228
0.10394652495811363
0.10126095651295441
0.10316911694565464
0.11123723603438335
0.11488744741578563
0.10862127922559989
0.10302906217297114
0.10288017958428214
0.09689896609128609
0.09445705986367811
0.08959443110037657
0.08738022661266157
0.08251531946686835
0.08399559735073303
0.0839409453282021
0.08408604474017853
0.08071793905867458
0.07860292985695527
0.08030395704857432
0.08588881404503637
0.09614271588407133
0.10420731243121284
0.1060196357333005
0.1074545689764031
0.10901852510214763
0.11503180145715897
0.11784031499743192
0.11950839706819924
0.11577638450408412
0.09881092375193665
0.08465291235095154
0.08085792354874816
0.08745076796745038
0.08593122262732142
0.08359546513000204
0.08133552420260065
0.0799766255954788
0.0791065008720662
0.07488178463359926
0.0722239892453666
0.06972019170982985
0.07676736896395486
0.08637296338741332
0.09000484356454108
0.09172758640603842
0.089919357646575
0.08775977565349266
0.09132277257931243
0.10919112459865887
0.13094330975928067
0.14125253773999724
0.14861186006366553
0.13457505170023595
0.1073567842882191
0.0953235374569942
0.09131637064545442
0.09923375786262878
0.11539595477406467
0.11590832410582758
0.10189184571109797
0.08622372330379247
0.07742167529596058
0.07781082067074982
0.0766555199267839
0.07565362864156525
0.07355258051493468
0.07385536066880982
0.07474033406431449
0.07671007917560527
0.08083296841348214
0.08781142325132157
0.09262336038107302
0.10295483807401423
0.10569320280357958
0.10642034097364009
0.09687093404935371
0.08636261002163159
0.0786936477965601
0.07440023449814304
0.0711851134069369
0.06914852198583354
0.06948560345394722
0.07017661430429667
0.07141447811388843
0.07271803752875927
0.07087098202521516
0.06922507205297573
0.07077020749209464
0.07701827835415925
0.08352881728698924
0.09253784776143975
0.09868822620268003
0.10843466036111099
0.11050028762123143
0.10627784463870946
0.09966692543502292
0.09027743523933818
0.08551277157399106
0.0809902731469202
0.08597357323516197
0.09105404512739204
0.09589863278581504
0.0981270773155837
0.09912284420237732
0.10048039274817921
0.10188016564930918
0.10479829065000862
0.10580447150136396
0.10677016315180313
0.10933043757567418
0.11344259052444478
0.11375230055303276
0.11157412292789282
0.10872463326461468
0.10451257260384661
0.09839686595958155
0.09283792820159395
0.08479742511104735
0.0773782584546159
0.07590719453828548
0.07738078420679648
0.07929900982093546
0.07915038944699307
0.07808746093209948
0.0678729615048024
0.06444032896025959
0.08531341114332575
0.10928422364580265
0.11950912073561035
0.12083290191785137
0.10592744306295154
0.09150178942656886
0.0887575689483791
0.08943427002610035
0.08470599396418999
0.08246700720510858
0.077062835675417
0.07378246139585787
0.07341325304925242
0.07665597578078817
0.07987781519026421
0.08410834355918764
0.08484426220672406
0.08841289129463503
0.08954897288477062
0.0949949247849303
0.09338521425914273
0.09328056057060347
0.10262348301959784
0.11493597269096689
0.11913871338364618
0.11136372691186561
0.10166157833970671
0.09085767358440439
0.08611059462352955
0.0868348919243957
0.08997197705608542
0.09002537407645966
0.08977988548310356
0.0896983002625143
0.08833277985415086
0.08490905278387831
0.08374595059617418
0.08287719295367968
0.08639574346952841
0.08790834827126101
0.08953997554690526
0.09003121701773895
0.09095228366120697
0.08833776455537698
0.08520807282062451
0.07982599002538812
0.07572402719155974
0.07392973096814662
0.07256474785781622
0.07282650536631671
0.07726351426512543
0.08164080702160154
0.0883332480780731
0.0914714212284789
0.08609676522846521
0.08174772847608003
0.07583928638689608
0.07606743670835145
0.07861630958069726
0.08249960488400584
0.0848442925456113
0.09006273765517742
0.09380712335869681
0.09543846751972299
0.09801778786238902
0.0954827289050808
0.0897802230565099
0.08415362058994508
0.0774578851898986
0.06961145745811892
0.0642945884468224
0.07411889691635928
0.09711500315868668
0.11569836090247071
0.11277947419509493
0.10225720564299853
0.08643040757854856
0.06996566512187632
0.07321556238563276
0.07895097006521493
0.09391978671579329
0.09777621704627174
0.09030997310865044
0.0821110073778836
0.079810604355809
0.08599799707828112
0.09321165295622874
0.09980268566651929
0.09827530295839906
0.09565763229835517
0.09121669805596569
0.08961900970911649
0.0863624683239127
0.08062511194063984
0.07971902956145685
0.0779037013979321
0.07909883753848218
0.08147637426054136
0.08486699507580614
0.08646896956227207
0.08532252488667089
0.0837671772128637
0.08061821337078037
0.0774025613258198
0.07325984664134838
0.0695643400666918
0.06450029219328976
0.07057625808060777
0.07716293545059158
0.0831623187547948
0.08593199687978162
0.08310714902353519
0.08432212937188965
0.08448999625282078
0.08738721390081614
0.08919891990024026
0.0899377339511215
0.09460610495182886
0.09628693975601935
0.09637532317319317
0.08643824257139654
0.07831577759622979
0.07910993564014529
0.08440270270944195
0.0936160739931658
0.10573751651891228
0.12213134446848817
0.13892723368960933
0.14863502741589582
0.15306604722825784
0.14481457112865417
0.11830739463883341
0.0970432902283623
0.07890650916627098
0.06719915996794057
0.06331734515390644
0.061488147543456995
0.06495027504519485
0.0713171172416864
0.07517891654329373
0.08120245470131582
0.08701381143380252
0.08915357993585937
0.08470681020025475
0.0743157208201014
0.07295773098674979
0.08052363321018313
0.08741448625721945
0.09039763199645143
0.09034551766159887
0.08705706105243269
0.08336842242433809
0.08441816087812562
0.0860791158743349
0.08727180985189528
0.08667563568832762
0.0860532510456136
0.09012812147974195
0.09228034293391665
0.0929351864711378
0.09333672444233598
0.09422312053558815
0.09508178307143264
0.0944103509717264
0.09151156218541029
0.08442130271217094
0.08133303274210732
0.07930934705137066
0.0842309328981028
0.0816898344661175
0.07882084162581734
0.07831237252422041
0.08085842241050639
0.08427626124337947
0.09031419481535732
0.09443174705810498
0.09540848520707451
0.09371118287721181
0.09171100115817432
0.08453208561855036
0.07431670660431822
0.07260594499934578
0.07450768947881978
0.07582758095659026
0.07633780920566041
0.0774728294491562
0.0758034190864725
0.07017986294409786
0.07030606003442871
0.07809650804944096
0.08640289054318573
0.09065536293099696
0.09323747205023633
0.08855450542630067
0.08433911155119661
0.07931026483847903
0.07990889006235039
0.08304615355165512
0.08734054346657152
0.09205813593885753
0.09841191366220042
0.09992445134010616
0.10252223794357226
0.10259805287053297
0.1056341828239627
0.10146695174716511
0.09274026277027744
0.08388135425354548
0.08668144211593212
0.090220986224605
0.08965872935159844
0.08760392696275049
0.08398902532564465
0.08209960774673827
0.0763810500985635
0.0769130943693605
0.08611199060420507
0.09312265532259309
0.1080590052783395
0.12288990716579773
0.12621397040061422
0.1271720396213901
0.1277490345735639
0.13291441241390795
0.13986124189283086
0.13023355676429815
0.11041853921445685
0.09219433333077118
0.07436642782523442
0.06366012915158531
0.06595965546665775
0.07092773246955128
0.07203701067954119
0.07303163698513332
0.07445735080107627
0.07692159817760899
0.07880277188263679
0.0820675691509915
0.08505577536502823
0.08641648527786244
0.08513727077176567
0.07991323954011309
0.07996706920109425
0.08017541851504414
0.08383205779696459
0.08644917563995802
0.08599382730682822
0.083216269828881
0.08205338804541823
0.07950799983442569
0.0754935230473639
0.07483621091588888
0.07585175472549133
0.07612371147198654
0.07521138833173685
0.07486000019668962
0.07424416962944871
0.07439941346635445
0.07500179642513224
0.07958890852371842
0.08427948859623682
0.08919375589840753
0.08961752123520805
0.09172956222309808
0.0947904717961629
0.0943097215892579
0.09257171192138616
0.08787620694332493
0.08300667669636325
0.07948979622251001
0.07447109913339744
0.07138743146010862
0.06980712285835042
0.06686559910080805
0.06460403284863661
0.06544220900198433
0.06687721162015145
0.06735701884861114
0.06844988039949479
0.07179208402219023
0.07769385236225587
0.0854914808788072
0.09470055028020216
0.1000085089822384
0.09923385485252376
0.09962592264100259
0.1024931369141136
0.10257802271032157
0.10070278887873643
0.10115791011865741
0.10222608942629485
0.10382293399711942
0.10435065055434303
0.0997008001259583
0.09204221605346438
0.08750991538999717
0.08521590641438312
0.08687306233940875
0.08591751940219092
0.08605338813821026
0.09289319968945078
0.10145979991090087
0.10861381315513866
0.11232678869972026
0.11311177840370423
0.11214543801764323
0.10944183164656746
0.10408394224634021
0.09536432521765406
0.08415057334543855
0.07717114964075647
0.07389436411052566
0.07452366602811716
0.07174126311064843
0.06735668792732821
0.06694277311046465
0.06732437066185029
0.06457078152808865
0.06376756961570668
0.0620615011384055
0.06122345888246736
0.06487548539421564
0.07006246673929614
0.0782330279110166
0.08873413082908915
0.09747031166695955
0.09746802250179057
0.10037956444592105
0.10672551057008048
0.11437856180148231
0.11496166201419131
0.11713908715681567
0.12296933999470505
0.1300492606613056
0.1237219844384918
0.11261317320630096
0.10822916389729165
0.10814996761247841
0.10989375264706377
0.10914034742919071
0.10800087743370457
0.10671906715081023
0.1058374308635748
0.09918401191912668
0.09072131331085168
0.08726954080624483
0.08539652697351188
0.08572536509564216
0.08901172779108105
0.09196174092637238
0.09578834715274184
0.09623205444264218
0.09565444831805803
0.09036947366546846
0.08451186000794228
0.0793543895621667
0.07354782270346139
0.06873743106592353
0.06483998581107997
0.0673249603244564
0.07444507385245103
0.08051033327396814
0.08120696712573103
0.08190765604988037
0.08120780058480581
0.07450681216090577
0.0720331576307919
0.0687883565042402
0.0641414206524353
0.06373917654941877
0.06594682651867528
0.07149564660801169
0.0740997119833342
0.07598723936972004
0.08289508354329511
0.0836578763793395
0.07907737996969944
0.07370757653135238
0.07591908419419838
0.08497197221911199
0.09636977840842367
0.1049577912346138
0.1033728671977357
0.0994278247298539
0.09569361050492464
0.09577061047827151
0.1010456740448886
0.1123258907822792
0.11898718954368187
0.11586341627776758
0.10301333701150495
0.09181397471594671
0.08218131294251324
0.08038394582041133
0.07833671606932355
0.07065975852359443
0.06803048587125501
0.07029069776222976
0.07302677627903834
0.07691155765501378
0.08049228158116176
0.0800217802127641
0.07727328334932951
0.07670285862909967
0.07177636317648797
0.0691905128154151
0.06693504905256903
0.06859082509370465
0.07163588139357838
0.0746816325684728
0.07702326258968753
0.076737000519572
0.0764354709561568
0.08028585669824478
0.07882631508953858
0.07551423508886757
0.07328886479796018
0.07007663878235454
0.06988937137234272
0.07054774977662068
0.0721872929349138
0.07905658731199086
0.08168490385689312
0.08063790517884392
0.07498138886333958
0.06892681966567904
0.07082364229870364
0.07881450177731097
0.09344428169344193
0.1088214529306395
0.11222784444912362
0.10667858208734055
0.09910416316262102
0.09625228806792735
0.09555002969451976
0.09405596796663104
0.0915839360101601
0.09277490805257718
0.08963660756050237
0.08161484934086266
0.07585194802491707
0.07771558980913701
0.08141239656769067
0.08428887391589907
0.08466621611479155
0.08307451939314284
0.08171484607499363
0.0805567749606994
0.07718734309016648
0.07441219625396123
0.07886648423153364
0.08628389269844247
0.09586350426570672
0.10609456391795591
0.10819293625145027
0.11086905444054332
0.10757326759108604
0.09562914284536672
0.0840430950834653
0.07883272127014765
0.0761147971708945
0.07884998371888563
0.08241207069598921
0.08711947415233437
0.09171537537721541
0.09291524142163418
0.09330499359830619
0.09350823323804339
0.09641992219395187
0.10017753675360486
0.10476713984398425
0.10752512843529732
0.10650301317655533
0.10404002747420277
0.10297212646290771
0.09848199582571107
0.09688135920173785
0.09417248537846362
0.08984763953708585
0.08276740009551442
0.07939004506417155
0.07466555483432094
0.07335921595440356
0.07422124164967725
0.08187631408977566
0.08677896575873634
0.08852121912075014
0.087158804651362
0.08279344422727355
0.07447431650065134
0.07084953586898615
0.07087618383661054
0.07229746313358135
0.07410607705191191
0.07909983026695538
0.08568456471083727
0.08939393394670184
0.08766503636222281
0.08400065026532905
0.08833169163207963
0.08843477044922218
0.09063364546831204
0.09113303512874191
0.08591808235120058
0.0847697577513053
0.08201660269863867
0.07986194573057842
0.07754907142018794
0.07711903489927419
0.07560501375521925
0.07442260732378092
0.07070262285242737
0.0672555481206511
0.06541457184430197
0.06253284547557456
0.062267287896772244
0.06802290240543807
0.07877259445299817
0.08995473781319283
0.08757835623745885
0.082282923936594
0.07324499157538261
0.06902054639524774
0.067503508823482
0.07198004678874964
0.07799983313179099
0.08182448648425913
0.0845399289097053
0.08579717222793071
0.08543954673874948
0.0822854231782334
0.07482897870878319
0.06964448251082275
0.06733844834369457
0.06909714057337565
0.0734592765592684
0.08348144947302694
0.09426818366341608
0.10385446563563067
0.11293357423263228
0.11294186710774831
0.10872375659477038
0.10236236765605536
0.0972648510400429
0.0890011183742952
0.08573753256138947
0.08814759722846721
0.09058553557430177
0.09318415327742913
0.09372550493632428
0.08875074939842748
0.07754716596580755
0.07870582420932073
0.08316913347726154
0.0812140780400408
0.0759173592420525
0.07013770759376811
0.06945094776693908
0.07287736076961046
0.07766088804688884
0.08328900360219219
0.0887171194230032
0.0928222870960363
0.09147998183657308
0.09390222550075042
0.09164224131895535
0.08341644391377787
0.07990522919219553
0.07899490891510264
0.08547158905819449
0.09369435930365932
0.10063052402454473
0.10339292919680823
0.10228170552496901
0.1030212256132578
0.10543674243566781
0.10584165506812929
0.10857989926114411
0.1054670709873167
0.09933578278627841
0.09161563221718166
0.08493197597125948
0.07983310436270094
0.07892558561681573
0.08275259438904176
0.08588224690934687
0.08489840309366617
0.0846060855826119
0.08194951179753018
0.08109333183641798
0.08048480937077368
0.07783179045185676
0.07570999577894114
0.07240128954412148
0.07472834503055789
0.07738646299385016
0.08256279353433521
0.08631675265743669
0.08711240000770704
0.08809704993088158
0.08664261345930285
0.08117249748778824
0.0766818667536609
0.08221309998610676
0.09069847545893647
0.09383543752030785
0.09814530373548128
0.10840343231995075
0.11759728539719813
0.12659923750801105
0.12991502932890733
0.1312355437910178
0.1301206260706742
0.12523758516112116
0.10970253266102162
0.09618230510674808
0.0903658667412143
0.08503264641052499
0.0793801650678245
0.07393270718091416
0.0738350018227387
0.0761277657490956
0.07987854220267498
0.08037098266885742
0.079047361484614
0.07651561075799232
0.07444488727406051
0.07449737470475795
0.07451778913029422
0.0753831081823226
0.07667196599539336
0.08052488248155903
0.07672114353204462
0.07686401979050089
0.07959893257590023
0.08514224226834713
0.09174598395860897
0.0940511216212998
0.09461528661766103
0.08924188009325715
0.07953870784022887
0.07496783597827511
0.07532197780480457
0.08150102754530719
0.0870529386732557
0.08801905940057739
0.08482187927272566
0.0777429587454006
0.07054056419838114
0.06947106895056634
0.0692591242102574
0.07123553079112216
0.07908562871808447
0.08266163217017575
0.08391221377020802
0.08585487549582016
0.08770864017732682
0.09543126403864366
0.09725734548433362
0.09328584580370317
0.08603477384666747
0.07438150353359121
0.06805153450123705
0.07057853354685922
0.06969381509643205
0.06818512427733889
0.07091679292084865
0.07686817835209864
0.08472810083594487
0.09270546863962129
0.10240182470171741
0.10466594942380322
0.09619372862157069
0.08500797302244889
0.08594908541686536
0.09135704020233329
0.09833186669908356
0.10346041735721492
0.1072579970452737
0.1091448572132657
0.10440649399137278
0.09829382225296812
0.09486655342745592
0.0950067471123294
0.10203318247463028
0.10462258104290226
0.09989868186196535
0.09509161492305118
0.08534518046464332
0.08133460988939484
0.08462930171483354
0.09547129154897493
0.10766241584481892
0.11153413186935521
0.10342550844418655
0.09115252433962043
0.08845591051106108
0.09331605601631127
0.10012614531884903
0.10527535266168539
0.0982071181686906
0.08437796995698224
0.07394945570291858
0.07213812708267384
0.07735040963249071
0.0815425853724426
0.08393506645322996
0.07893889320198827
0.07384389689580506
0.0707197595891293
0.07203462299481875
0.08159197740999191
0.09055121079054312
0.09425110075235407
0.09374689806951397
0.08938376394720393
0.08271846652488643
0.07464793805457895
0.07156923434476192
0.06664006865661956
0.061629174921782076
0.061261964327214175
0.06169930240823887
0.06246334909601173
0.06508266244772154
0.06582266444110285
0.06710966071976715
0.06854704783194457
0.06939086943425277
0.06916573856094016
0.0725748386205036
0.07571241982034776
0.08262594645785082
0.0890005493419419
0.0924871006803144
0.09447815979934351
0.09518630262867833
0.09285319191385596
0.09016681313846758
0.09013995810641615
0.0867006471812087
0.08462179595979777
0.0881489860371645
0.0910479059490944
0.09415228608876017
0.09534927509793159
0.0977402566871865
0.10074354688329576
0.10261821126320134
0.09611231052833441
0.09131410399842699
0.0843578286917121
0.08762545044466719
0.09035132657971667
0.08952635307159038
0.08441528685354835
0.0774779468996585
0.0759101886830269
0.08631928179269602
0.09261368843662368
0.0958201708218088
0.10044174536793002
0.10184472652045032
0.10163660913216763
0.10412694633808109
0.1007935110722036
0.09378702577019898
0.08865633658498517
0.0837951542048111
0.07840497949811848
0.07270716817436804
0.06918660855870057
0.0699747843140984
0.07326949426928767
0.07266059196284116
0.06989452294096649
0.06831947225066165
0.07259816308403189
0.08062015557942087
0.0887345951126512
0.09503383977261437
0.09725252067197113
0.09534214853656084
0.0922890604729768
0.09151137970380424
0.09201396356803473
0.09599748137209618
0.09764806806659412
0.1086827691503956
0.12073378576140445
0.11417189309806244
0.10202357956826244
0.0830326488219981
0.07567575198858978
0.07868360015607806
0.0870452024619221
0.08986423062827162
0.08983388899415667
0.08394846206789755
0.07697478650783374
0.0721612648595153
0.0710698520073402
0.07640049970422252
0.08648697655209772
0.09825768042221783
0.10444664102895623
0.10210761221791542
0.09886932635891174
0.09312595766876719
0.08863847016528725
0.0842026222210385
0.08262087161990389
0.08345388256612307
0.08263202386346943
0.07750133897647518
0.07293774043992751
0.0721546498872487
0.07210839095488528
0.07252909372092686
0.07737742970999226
0.08239289661685856
0.08561325363193129
0.089942154827511
0.09344621178175816
0.0951790663296476
0.09944464654390103
0.10121692656500006
0.09967786566987058
0.09199270550775762
0.08147652883341916
0.07422012406949405
0.06957098173336776
0.07157603918821084
0.07548168854584367
0.07698033648554845
0.0758007534742787
0.07291529685736839
0.07149654059759636
0.07076393611620807
0.06886981076144086
0.06983008002289753
0.07218388545223628
0.07950625381710391
0.08345552856210176
0.08252938818732147
0.08363788246145218
0.08945254854447682
0.09524970928541648
0.10018034052581595
0.10391391430259736
0.10408834912077936
0.1039578875840749
0.10308589305929947
0.10088921034500795
0.09860888549997285
0.0942642462695728
0.09045473212525035
0.08187121940395778
0.07390930927014325
0.07610228570076163
0.07793991043486045
0.07529860007362682
0.07031719671380321
0.07206612823855654
0.07384673640728998
0.07520062901134364
0.07540767711670393
0.07231779968436367
0.07307685584448456
0.07392938621084943
0.07471442692595928
0.07818636996715403
0.08410163061321235
0.08573245223319095
0.0853810335498549
0.08432984860082934
0.0815654952808191
0.0800980826701069
0.07842960765376825
0.07544706868950782
0.07720474887556084
0.07825334956112351
0.07723740057206421
0.07293837018678453
0.07151640200138368
0.0736288520005218
0.07516459223729027
0.07782212024741683
0.07837131118128268
0.08050486386473207
0.07913892585095647
0.07625317601185802
0.07362857529728514
0.07186112099635336
0.07237723959112707
0.07209146250903958
0.07257242783177162
0.0775058151811146
0.07987146969680473
0.08275822693174206
0.07932741510605204
0.07540817182333892
0.07044824670486785
0.0713415686268889
0.0732168408069584
0.07553099285864526
0.07733591086233901
0.08535236868381343
0.08749838524767664
0.0843228057672803
0.07880485494861372
0.07861155784273277
0.08592959883571061
0.09646772346744042
0.10976478736518963
0.11869950851944414
0.11206655688533945
0.09871961890094647
0.09170349076123505
0.08921661479587087
0.08309568103237427
0.07557205721232466
0.07400638119537112
0.07420106747916305
0.07861041244617853
0.08164845803641108
0.0872842065959401
0.09243762503426797
0.09021121272277624
0.08526090481349557
0.08035270090565741
0.07650856118572141
0.07600444607607312
0.08231296695395662
0.08699247577447639
0.09033615331334596
0.09418283513013487
0.09594053052338297
0.09941453364418854
0.10453384923070802
0.11117700234081998
0.11418917886583715
0.11309183888436278
0.1112760594390371
0.1077446435906742
0.10427774795786052
0.09775201820145096
0.09017391793718926
0.09602464653128959
0.10728209626776261
0.1099572875436419
0.10292817171126545
0.09510618227789205
0.08984844422176921
0.08960141872427768
0.09037174784770141
0.09035275065251291
0.08803413427478654
0.086107416209975
0.08471310938068355
0.07980309779763428
0.0747905262042193
0.07725730929481753
0.09197065960053563
0.10689801644154831
0.12534498379957518
0.12381612501217526
0.11036515129340996
0.0897736812703887
0.07303466756595683
0.06539889958746917
0.06259443203945358
0.06193667428169272
0.062488656452123786
0.0656281681247605
0.07164669720413483
0.07634975175109401
0.07906817364233157
0.08117670024222637
0.0772826619328546
0.07218243728007412
0.06994349012310011
0.06992442675362973
0.07777444384864451
0.08556887668019966
0.08417973258707823
0.07715115596707953
0.07185882017453563
0.07530738988782307
0.07762862049010597
0.08250131788701948
0.08536183313931911
0.08655298189156707
0.08302725905896702
0.07446116359415866
0.07017267171788816
0.0714630616097334
0.07472241589610215
0.07685837379960311
0.07944660005403881
0.07759229848424601
0.07429589926540997
0.0752982887087549
0.07859644583533221
0.08834920429839196
0.09971560303801102
0.11077791721000493
0.12592284425858646
0.13490617271264413
0.14101516594461347
0.13205590449107124
0.11991894656817426
0.1050062905431342
0.09615084588806105
0.09044946056721168
0.08620944920481025
0.0777429207376524
0.07355271781082953
0.08006441304945108
0.08940152339804469
0.09942127974529896
0.10165425675868334
0.09436537284905355
0.09157004535134958
0.08623307883641049
0.07979045149694006
0.08235252765503892
0.08787979916782704
0.09273567084954049
0.10065719414485569
0.11061673676238676
0.1143616319234417
0.11625002542421012
0.11281558097115935
0.10516900358743034
0.09668943398023477
0.09438444741226348
0.08856894321867079
0.08259955199235888
0.08248207121180201
0.07602267791085776
0.07244288115760142
0.07091602735082281
0.07022132910545811
0.06978892517918725
0.06772128049533827
0.06845878283507553
0.07119720760789727
0.07013007305978375
0.0698741841925328
0.06978985870894391
0.07250867173782016
0.07595427025479154
0.08272727691536472
0.09067164437712164
0.09801478234697503
0.10299097853061637
0.10471064482043455
0.10737884831355654
0.10901334365282186
0.10733564494066505
0.10389562908784336
0.10125536655514641
0.0967063779363879
0.08955161543692067
0.07928825849009691
0.07496846626639816
0.07989136560362628
0.08534028573385091
0.08988854987019981
0.09284627592768818
0.09194879956310967
0.0860307852556472
0.08070591641236466
0.0737927557527549
0.07001895123027
0.06945922714356637
0.07398036503757613
0.07815820416620667
0.077155244791141
0.07704015450751353
0.08332038360349237
0.09225225818637056
0.10109158906068391
0.10980327729879222
0.11610537562296716
0.10615624871132634
0.08833761996094192
0.07303458285145525
0.06482247990232626
0.07096230782964139
0.07613696005604789
0.07962622359794949
0.0814945308851314
0.08310500564025397
0.08278701273661548
0.08321643061925371
0.08257654158146646
0.0804037986999494
0.07908816486578546
0.08189918967781318
0.08881361127909049
0.09545924958244564
0.10289610370061575
0.1083250966532752
0.10597051116704093
0.09817984991437642
0.0946137998609822
0.07945248092958665
0.06446791181342582
0.0602399711761728
0.06525828824096
0.07665676534934479
0.0902077288849362
0.10256526603272062
0.10985783356299858
0.10753481704693602
0.09919119619600561
0.08526133538171685
0.0750770835533209
0.06873170200444564
0.06810600490715546
0.06957069357670054
0.06995955222403707
0.06997319429682305
0.07024096325886339
0.07398370400732174
0.07909886038158462
0.08172288273830991
0.08211997341883462
0.0833396455079814
0.085782969412246
0.08423389354370078
0.07249624859356621
0.0672343926487958
0.06927004960506719
0.07144663375223095
0.07123774959621554
0.06990906221908938
0.0676082808189761
0.0726142762731952
0.08121751924063822
0.08812078375239388
0.08951297585743004
0.09023971952965201
0.09064729445396405
0.09048958102014346
0.08780953129965527
0.08669478600700864
0.09180897659114914
0.10127661883486347
0.1075099048402545
0.10977245604255839
0.11019651454697185
0.11112984854185598
0.11081146562444735
0.12000366803877588
0.12750516530163927
0.13342632717290417
0.13407735909228413
0.12670578135954777
0.11734352057713598
0.10796290309075302
0.10004134874484014
0.09502493990143171
0.09255651292631711
0.08971446684557507
0.08785018437703865
0.08351088476522439
0.07907927906243145
0.07533023502889996
0.07084591950450794
0.06619081298743845
0.06702763274508106
0.06718553978519473
0.0690520485182419
0.07055859022608849
0.07012764975784214
0.07266304977216975
0.07306560311941673
0.071990035779091
0.0686721089332506
0.06568794807475264
0.0656609412603435
0.07001721333208297
0.07421444574595354
0.08001464712703124
0.08514354530587798
0.08728554315134562
0.08998198177234493
0.09396714336036913
0.09677657091607775
0.09938141607130649
0.09934699716881898
0.09692978139371272
0.08972240979930524
0.0856257594110773
0.08440202969459218
0.0850153634236111
0.08900524732721984
0.09891259719333184
0.0984425023349478
0.09665067833517174
0.09376204383182657
0.08848154607965111
0.08230247109649472
0.0803469583457021
0.07985110211624794
0.08312800145580898
0.08851855554283991
0.0915237628246672
0.08887720615461248
0.08713840443520057
0.0825986191014432
0.0817286453790764
0.07800665799470236
0.07113239171149544
0.06742715378161881
0.06830651065778334
0.07133169734169315
0.07767486323697453
0.09087841626187662
0.10575860543048746
0.11531347773543649
0.11735081763172783
0.11651817170413012
0.11717072447906929
0.11644483651942869
0.11306264411091888
0.10460288082196881
0.094917833990674
0.08764115173170864
0.08270918231573979
0.07749574320530542
0.07506783062279818
0.0768578911976506
0.07753319064230091
0.07858200133193008
0.07905633034434778
0.07973036928321145
0.08141235629151164
0.08207465959332147
0.0823638087042684
0.08524251699242869
0.08740237099494311
0.09111538852522724
0.09358220065855946
0.09688189892735358
0.09956798267005249
0.09827230474022844
0.09424508690521424
0.08741896241570729
0.08139664505816888
0.07597772761024835
0.07137553881620973
0.07218109943231132
0.07820913441049326
0.08629844440072548
0.08658160226333958
0.08070240523673644
0.0752005271212986
0.06718920756832875
0.0672855287338586
0.07152370518012757
0.07810618757607463
0.08033992458562683
0.0746680641426451
0.06620835052267643
0.06722347338715842
0.0744181588582346
0.08211837667575889
0.09127227372537552
0.09643018157821104
0.09666217482064995
0.09988664921928386
0.0965072687569215
0.0861115047005509
0.07840781940219915
0.07809696198661634
0.0812718712430629
0.08885197232431363
0.08991252964971075
0.08664420482787705
0.08086861070252419
0.07437613962540118
0.07924457476965793
0.08625499780377782
0.09134614893135226
0.09260223994216732
0.0898629947527134
0.08874134962183769
0.08859579648937638
0.0863743689326876
0.08444372287549112
0.08773040245550298
0.0925807349571359
0.09838872947560237
0.09849158357797949
0.09564801506635143
0.08781552560769179
0.07503694891656124
0.06504900798012034
0.06382701722431824
0.06938690514467827
0.07681122997887002
0.08098124708486787
0.08523238454747356
0.08301445339796629
0.07625218369385434
0.06931113960287125
0.06331750493249266
0.061230894749451176
0.06612434519959473
0.07288521704140835
0.08177309050965262
0.08931581266899483
0.09498719877883732
0.10131696572148013
0.10171103445537139
0.09389041263372658
0.0848881937888338
0.08005397009416496
0.0802739523714536
0.08268737210301716
0.08774130560471444
0.09086745476473782
0.0897975617645938
0.08651513754809101
0.08312993795473059
0.08023637361980077
0.07880302977047954
0.08188961809266368
0.08428990227304611
0.08454100980740883
0.08640649026848032
0.0882279200597299
0.08788540512275583
0.09245532801372347
0.09440483911218592
0.09589063470361017
0.0941268082722704
0.0898133233192018
0.08128844783327663
0.07324883924632061
0.07091139391734902
0.07025338703848127
0.07079910748086721
0.0715536722308786
0.07224741935955387
0.07229303196656062
0.07292766508718915
0.07396749777238865
0.07440608798128664
0.07509186915383795
0.07440551581164187
0.07549935855725831
0.07535463380653329
0.0719212262936019
0.07148670992775163
0.0771235062574781
0.08599455955321608
0.09116068142327888
0.09125293983968977
0.09327829030819093
0.09205832589405466
0.08875433080997364
0.08898701769017714
0.08869551846326892
0.08951866073797823
0.08953452468183137
0.08659576370239278
0.08418621176271976
0.08108444251896862
0.07749203670197738
0.0757842165641362
0.07672608809828377
0.07650073148459074
0.08055744677710844
0.08370647542428314
0.08480038256586539
0.08190589918126476
0.08154078451704963
0.08227360275910792
0.07985751830132665
0.08355067236998492
0.08334827904338951
0.08306393544085727
0.08659538127391894
0.09240737254891213
0.0991268278712884
0.10603652636898275
0.1081994717184771
0.10822074740595095
0.1060604373922194
0.10308330255118198
0.10060165554226858
0.09811800955749653
0.09221241987721016
0.08835540526255453
0.08601629038638456
0.0836954784812739
0.08211787026219786
0.08006474145486883
0.07859515441169812
0.07930023602215183
0.07860317667108765
0.07894752769801583
0.08227324345170342
0.08441268396329343
0.08600645017489594
0.08491866949811427
0.08283583980654427
0.07882527831186406
0.07502789847641425
0.07338346796819942
0.07151022757966319
0.07121522224270557
0.07189826866019478
0.07275014651572845
0.07582540240039079
0.08003212919126593
0.08049351737205351
0.08220620271918277
0.08222081285145946
0.08254090862999236
0.08087015316404816
0.07790384988748764
0.07496329515184366
0.07334731671390621
0.07487162841504061
0.07886413667434192
0.08521689967994037
0.09166724058800299
0.08924991510620708
0.08354283922241085
0.07518723034673841
0.06891104207254381
0.06558859584206453
0.06524559001282723
0.06738938669735095
0.06845689119422085
0.07050430307801114
0.0737286735792658
0.07656972492170261
0.07989027168054619
0.08104416028666842
0.08014780459183996
0.07986315965358781
0.08074701491110539
0.08038360839634656
0.08119312901845568
0.08169007190451966
0.0841400232588829
0.08412896343700793
0.08143438206492024
0.07791430662985555
0.07720852952242707
0.07571485309079096
0.07441073752863214
0.07450784537766186
0.07697766323552671
0.07924719244096176
0.08159586106036093
0.08362989411324598
0.08714344041520702
0.08972341702771491
0.09134062338319415
0.09229428673769427
0.08645845877806066
0.0825922425575486
0.0786165294707949
0.07144783351831557
0.06734506237056942
0.06287432644911334
0.06143427301822857
0.06009070557781704
0.05883352651342255
0.057161417288965954
0.06022847379513782
0.066979861250166
0.07208659481310187
0.08516538121624836
0.09719550421416442
0.0978904098992606
0.0947899922361447
0.08523651793704773
0.0766953966968946
0.0680223799489495
0.06290689425149279
0.06392959767640508
0.06860185594031792
0.07399183881184695
0.07875172503338143
0.08484040808272478
0.08755247794753415
0.08475702058201431
0.08080276547626108
0.0769784348086269
0.07419341896007153
0.07038743946687429
0.07504577339938043
0.08442889882663801
0.0958686055114159
0.11025925228134609
0.1187503081253968
0.12025394730602235
0.11781263948723186
0.11433401089612205
0.11012064893918275
0.1074765193883788
0.10240165833964995
0.09934061481629014
0.09581376927093319
0.09096829648155699
0.08695279549462087
0.08263736647033051
0.0811787933047072
0.08035146405262059
0.0792642988120385
0.07614135963594465
0.0797397993547532
0.08293389903588466
0.08929545343033019
0.10310641955703778
0.10447781279682417
0.09826467448827828
0.09103961755454168
0.08155330182457293
0.07191194696017197
0.06723919128519384
0.06494091463338139
0.06496855974672314
0.0688702912345186
0.07319927970987261
0.07709782619544034
0.0824086398315669
0.0845828415663657
0.08389164933442453
0.07943746927442147
0.07458651739047864
0.07397095788763497
0.07367764387881917
0.07603457607921799
0.07830154330299866
0.08099085538688994
0.08496892462532726
0.09190137005230645
0.09804456054309127
0.10334483385524015
0.10509428733797085
0.10319173066576554
0.09755658420387237
0.08913947695068763
0.08460043897972785
0.08274311828596101
0.0826293906496495
0.08189106062145343
0.07922224044035137
0.0764849351849971
0.07319620747547137
0.06769671641441619
0.06635780911403713
0.07142888425902078
0.08002375914814683
0.08881194526112948
0.09765723470336571
0.0986705527808574
0.09224207499591486
0.08740998034743364
0.08237674932684219
0.07936076972375061
0.07875885385212397
0.07800603061268815
0.0753771053313303
0.0715152842072316
0.06900642377785504
0.07138795058476333
0.07225964065619586
0.07139350089216864
0.07269921458273335
0.07345766001436896
0.07109173509954281
0.06756640679484122
0.06614541799411092
0.06462083824145415
0.06398502209411741
0.0636623089545772
0.06448281004131715
0.06723641127930965
0.07228685922721581
0.0789701907981758
0.08709883874216626
0.09033673051741006
0.08792401857172896
0.08363817111327349
0.08086370474928728
0.0825026659930688
0.08472253706355551
0.08372707157914983
0.08300454578899169
0.08124787727564206
0.08075651427218308
0.08276628933717975
0.08408048967361226
0.08682141096240464
0.08828156942296381
0.09025908099758057
0.0819501267321518
0.07378140312879145
0.0773962598850648
0.08627578627130447
0.09137375004826309
0.09631086228778765
0.09973753424169965
0.09605853539320888
0.09674991033437139
0.09715989013349471
0.09380937348677942
0.09241372098179093
0.09046637701370047
0.08626711528706196
0.08258665926497213
0.08067391323994741
0.07864504206105405
0.07987510163171099
0.08072589109461178
0.0791921142350997
0.07863323331805616
0.0738322736224715
0.07110455586283496
0.07077556659736456
0.0676928831752448
0.0681170835622942
0.06652043190142526
0.06815633963878767
0.07126511040211261
0.07237544309187022
0.07277158537717254
0.07345452113067219
0.0740871724457913
0.07608015049440287
0.0758063813443986
0.07670657735926906
0.0783381496755971
0.0772646799606185
0.07445228471105955
0.07066627931802175
0.06903127722814037
0.07052761380157632
0.07362566554147343
0.08133035023636864
0.08675481962690051
0.09082818342528542
0.09490675346675201
0.09731336842414895
0.10178907164373494
0.10337902417922909
0.10541075828718272
0.10187230577245276
0.09974427488123261
0.09568811781956693
0.0901147741259351
0.08571196731340203
0.08157063826749122
0.07926169701588295
0.07481353655666859
0.07218256711645504
0.07209025867991445
0.0724011265030455
0.07310152885770974
0.0772372878417118
0.08029656767010138
0.08127352066389174
0.08610903399000791
0.09014401845997316
0.09300233157748775
0.09264622112132573
0.08899360817431864
0.08473515136844614
0.07837320673068374
0.07458683276617634
0.07132206062998689
0.0680970481353885
0.06664811255858075
0.06578420906938873
0.06807801430677826
0.0715626346017752
0.074899957299499
0.07981943399934893
0.08170967123537232
0.07965595449237745
0.07801091340072538
0.07772870966703452
0.07452083101122392
0.07384869888825965
0.07432892959050347
0.07496901069127448
0.07661185034782597
0.08131049027401197
0.08344473192817148
0.08660319959290391
0.087653230222071
0.08568290111028518
0.0841728467948678
0.08204040651122144
0.08070088368836154
0.07899676800046179
0.07758885486380171
0.07862399900281572
0.07910158205442219
0.0821288560315458
0.08628344286323053
0.08961833985586035
0.09015667115903858
0.08938179866179558
0.0869442947784193
0.08873036702781123
0.0910990804713504
0.09371211275884506
0.0927554802303244
0.09265480879970542
0.09372301798525254
0.09614295122151831
0.09736902466613553
0.09671689979550582
0.09400087335534357
0.0911998461315019
0.08963301332145393
0.08841581976959129
0.08651006853803869
0.08708234515723945
0.0870712195736423
0.08725195093645641
0.08703016363632618
0.08689665131189253
0.08794883937526826
0.0887873989882387
0.08876488990443401
0.08866676557381367
0.08478692723946915
0.079308111247927
0.07360787101154431
0.07163245572355559
0.07048416743918973
0.07214742207001923
0.07785906161382253
0.08309700721125882
0.09019642371309769
0.09401900751786854
0.0951134475114499
0.09152540917700788
0.08912200127705652
0.08323466413401223
0.07898558765080141
0.07485084715438578
0.07164921271613844
0.06676636966061517
0.06955618806151265
0.076134043157673
0.08245204593349267
0.0831290186863693
0.08498126663539907
0.08254233202745812
0.0774191952442955
0.07613868223224435
0.07516778677495733
0.07298306767833607
0.06933110844553006
0.06692618017358445
0.06804884473058079
0.07400263352635975
0.08217172554855987
0.08954383808709004
0.09463840316196959
0.09491256599279144
0.08831677235928304
0.08003821699299865
0.07364526515307468
0.07562034363481557
0.08387312067538599
0.09010217867844669
0.09153692358423487
0.09248901323347838
0.08872872914324736
0.08147984699970551
0.07701198041112056
0.07875551028404892
0.08063092820768222
0.08116150552968185
0.07865795218854194
0.0774492638319767
0.07864016822313544
0.07849324312435466
0.07817895765975086
0.07881533230448717
0.07971287175142466
0.0821545623239994
0.08230689325523524
0.08042960865167018
0.07821877508628391
0.0788159979115918
0.08562249173091807
0.08852580699887228
0.08810080505476395
0.08484164679061465
0.0801115181342544
0.07792250608353729
0.07496007531957727
0.07245377021028906
0.0707897108341117
0.06998426891576484
0.06898798584551846
0.06743332094974921
0.06760685412336209
0.06855359076080311
0.07680425181828326
0.08576116038941978
0.09590346013926784
0.09938056486619556
0.09712845373168003
0.09259483192066267
0.08781485542438983
0.0832123484739967
0.08079593812011482
0.07882644419744539
0.08046639634117098
0.08773911307810611
0.09227448675071542
0.0934182052788366
0.09025890906348183
0.08628223377389696
0.07921638053709867
0.0749787920834949
0.07817036711571829
0.09036017894702089
0.10214661537003833
0.10331271006908721
0.09427745654363431
0.08299410565533658
0.07308057016720382
0.07424369678409726
0.08004727360605712
0.0871813850806954
0.08857738447535773
0.08670825825688933
0.08517248352790663
0.08471088753666406
0.08590162726278544
0.08998083858427772
0.09222717945257275
0.09343012996800457
0.09248413934198091
0.0944452383344156
0.09539348290438052
0.09270654679080767
0.09162522090127612
0.0897398204619011
0.08393781200595873
0.07791727229253567
0.07216271291864443
0.06873998475336168
0.06650792685113843
0.06410616014717246
0.06395095923858896
0.0682278427620906
0.07461207899845346
0.08615671449568515
0.0921198775183606
0.09250825319774322
0.08752189391730136
0.07739065067221146
0.07197065689328827
0.0697528558638636
0.06869897193902227
0.06975577654437864
0.07155727979627355
0.07350834790400881
0.07247908189517854
0.07132257556030716
0.06935723262340832
0.06942655740227052
0.07356705969764776
0.08488921595742402
0.09980358219182331
0.11150765543310437
0.11173470719245554
0.09168415329282381
0.07525018552629079
0.06518459360108542
0.06203572212138658
0.06391438531737734
0.0666722116223061
0.06632405890893639
0.06503732809162283
0.0638140274802809
0.06458990663023634
0.06920857703164726
0.07582761893863615
0.08385328083048912
0.0871875539012994
0.08896648736571616
0.08947921137714956
0.08713055921239268
0.0816109181784549
0.07693375036051125
0.07425165378223408
0.07278035174578781
0.06924160714423416
0.06977439292417839
0.07384054163450446
0.07837960830442542
0.08192739562158369
0.08593069571208953
0.09064320613243956
0.09383881014145529
0.10000292381085013
0.10659598567171819
0.11119929879662263
0.11772043424173434
0.1263316183542992
0.1174688953292645
0.10729061736042608
0.09891290234528818
0.09040784974252669
0.08471073854028055
0.08406205253962112
0.0881452221201024
0.08954367172444008
0.08078738948971728
0.07424494157248684
0.07443147316357138
0.0784912498861439
0.08141148184992322
0.07953727634404636
0.07625765452729655
0.07327220051134511
0.07512374602805172
0.07601403838799148
0.07826906902315106
0.07935622586617078
0.07880545200075686
0.0768756482194155
0.07394943211442648
0.07024062804597209
0.07229312236273261
0.07586886042798566
0.07802916888053699
0.07955915618939266
0.07941022794779143
0.07836608459677435
0.07656111304794735
0.07353198694198382
0.0754035384058257
0.08037692333852003
0.08542822898865945
0.09199159172409102
0.08716940016244201
0.07922482576010167
0.07346757128426445
0.07094383533915524
0.07186135232333501
0.07161925119067944
0.06960459964199986
0.06650222925768343
0.06464845893058815
0.06611657947015495
0.07449395014638119
0.0887380457837044
0.10075448836341191
0.10509932263381772
0.10617042351727826
0.10646112871057933
0.10323874000905581
0.0895637315057995
0.07450151419957485
0.06677744344580738
0.06215616154148648
0.06018514811962908
0.060319185301636796
0.06099409515281731
0.06057087585224474
0.06156208306209798
0.06205057386763341
0.06484468040379762
0.06770171299661226
0.07169725958183792
0.07512036876141773
0.0761047965602053
0.0738346602450353
0.07313257981986138
0.07498301811533442
0.07934103685298707
0.08321635389470455
0.0869511946447871
0.09099591801127246
0.09437908549048665
0.09934464331254433
0.09955356025961348
0.09361717929770011
0.08518832534694193
0.07630797411649962
0.06895671345460344
0.06417702928638619
0.06045871430290825
0.06046443514293037
0.06660746686378458
0.07217641255465318
0.07697359862001577
0.07910743560547914
0.07806995490122728
0.07635128670025854
0.0718721390084196
0.06733085631880245
0.06795141062754681
0.07100231786086114
0.07545292430672601
0.08494100682037042
0.09406469360392222
0.09419107156739273
0.09970289477212013
0.10044066971100254
0.09575970704825004
0.09013550031387643
0.08073125848590823
0.07380117633459984
0.06701113076739165
0.06431959940691306
0.06344993686766226
0.0660916084851417
0.07138578303503423
0.0725872931526545
0.0740864102688405
0.07864873330672609
0.08643529502945638
0.08916730855267627
0.09108618045671799
0.09480247465552097
0.09537893041848361
0.08786205376774425
0.08357664534401862
0.07720176239677443
0.07071670510574943
0.06785602651027817
0.0687929101687316
0.07366953898493456
0.07992948126888438
0.08711614199066325
0.09457665552978725
0.09850186624206494
0.09655713762802928
0.09359011655011401
0.09014409210938315
0.07916476084338908
0.07488762549571382
0.08119040061498087
0.09174129888476337
0.10033292027161014
0.11068041731761866
0.11990168105610469
0.12132993410476178
0.1215865394289013
0.12040392652056695
0.11806072465068504
0.11530974753575923
0.11243217427794672
0.10890062207965281
0.10234746079699683
0.10228073671627147
0.1021726445966975
0.10266476779428227
0.0999891046873681
0.09801381663504433
0.09275738863377264
0.08703260516134836
0.08714265210736305
0.08923570877763837
0.09147321119667548
0.08628920655745129
0.07897053102100374
0.07683568122802467
0.07266362136947765
0.06878617843778134
0.06833864454836261
0.06741832473230033
0.06815817766021298
0.0681850096926167
0.06960805426120195
0.07251010464732358
0.07795442246912584
0.0873560451261031
0.09547842901388165
0.09823936993721702
0.09652189390525717
0.0880321058288612
0.08022012628827802
0.075952647223925
0.07324139468490679
0.07714706423653797
0.08000512666467832
0.0846489597314673
0.08600372315627045
0.08953328387921902
0.0936420952879313
0.09402438575052596
0.09245641997603798
0.08739038763637466
0.08061827120902068
0.07421428575071912
0.07092846270024195
0.0691125036778073
0.06932939469832386
0.07049900822761118
0.0718544372234182
0.07296702413783127
0.0739099795927633
0.07567316732407345
0.07643004258547356
0.07635563925477137
0.07773512582986075
0.07947281045922974
0.08224879282052028
0.08410807748990054
0.08686915660572445
0.08957888089486435
0.08957295953761826
0.08708801612097511
0.082010481577689
0.07515419843739207
0.07238637377409757
0.06970570031697504
0.06616143028392671
0.0654939682669857
0.06483138252643741
0.06507124346937851
0.06538906111223458
0.06960025909761158
0.07678453191573095
0.08526031859153893
0.08676780060416339
0.0819161443745273
0.07805675202008694
0.07240164409008534
0.07069307390042978
0.0711065241369592
0.07165166244257362
0.07293459942945071
0.07462622143822084
0.08074341746983951
0.09187695671110563
0.09739453108924806
0.10129776953610822
0.0975888583309022
0.08596225186249884
0.07472106174103119
0.06819399539941201
0.07084559587318984
0.07611561548938259
0.08001285592349591
0.08237370495448665
0.08088144531759653
0.08121416181656627
0.07793438201132502
0.07730315141538308
0.07523831694038094
0.07290200244977937
0.07243584161955177
0.07380718588735619
0.07195928510571697
0.071286683065763
0.07217604537153577
0.0745523042518014
0.07499667554081083
0.0740764923456276
0.07129259049517614
0.06847406995608818
0.07118407759176695
0.07575909183375257
0.07967814314768557
0.0849843730295903
0.08458145900961642
0.08232754545344895
0.0782065602474159
0.06986814116328063
0.06586674035798812
0.0653727160748
0.06486737314464883
0.06684315782668149
0.07155988753804352
0.0803223352502627
0.08771832778520483
0.09516377849609087
0.10148744706607474
0.09973793821340116
0.097698782051867
0.09451985025079473
0.08842557525761738
0.08566841379477716
0.08697334073004925
0.09305059490739498
0.09224197523886424
0.09406456188955911
0.09873559781772717
0.09267663278407232
0.08593426676284396
0.08389265050229708
0.08037318025257068
0.07850341390119084
0.07793627912438642
0.08078475585031733
0.08209266264921017
0.07907561358206472
0.07390918710402991
0.07037917863784052
0.06816515075726409
0.06669284572638015
0.0654109285154707
0.06261161287087313
0.06239770459337102
0.0667010095610017
0.0716794067152782
0.07467369968377341
0.07199745702904228
0.06985074708726391
0.06472937455988037
0.0633306945796678
0.06390965697829248
0.06510696160084367
0.06820898813672327
0.06986138964772134
0.07211346855802128
0.07239309548318917
0.07238124366353813
0.07325085089923716
0.07444756268238872
0.0751235750565048
0.07648007624863254
0.07816464319684754
0.0809711871232271
0.08238249127790137
0.08244132500525417
0.07908195410271684
0.07528090731952927
0.07156439582207413
0.07104968821182406
0.07199649780476677
0.07255288044455385
0.07645675644765126
0.07554063440566527
0.07342948340274869
0.07360852266619344
0.08137819002189356
0.08612987745621778
0.08933953226362543
0.09062845373751593
0.08813637445675929
0.08330772081570928
0.07775618927714384
0.07224598765131976
0.07122972737494518
0.07290854251705431
0.07760278495756553
0.0811756391262714
0.08641815379279613
0.08765196942956474
0.08758880188034776
0.0887464045393255
0.08685401972800871
0.08177455752197638
0.07368638742450745
0.0669268591757754
0.06058599281270005
0.056509541612591724
0.05477187843224485
0.05544044937359896
0.05925125652438576
0.06285200554638207
0.06566825952050079
0.06600085985963389
0.0681483982338926
0.06859115908274516
