1.9630859374999998
1.3209490740740744
1.0227050781250004
0.8455083333333335
0.709611304012346
0.6181335034013606
0.5463582356770837
0.49402149062642897
0.4503083333333331
0.4156152172551966
0.4013575424382718
0.38910303823395537
0.3644432549805637
0.3636058641975308
0.349490865071615
0.344443949725219
0.3351755401234567
0.32049041405452683
0.3061846354166665
0.2930940233236152
0.2810709757700978
0.26999071943234465
0.2597470883969909
0.25024920000000006
0.24141881448186897
0.23318822079967472
0.2254985308855684
0.21958913342080474
0.21368618827160504
0.20670448569478478
0.20058288574218802
0.194297891680812
0.19062828634914206
0.1874635568513119
0.18317631083533412
0.17942271846353294
0.17492594507824277
0.1706480884427144
0.16657361653645839
0.16379938927661122
0.1616047948610665
0.15792483942713684
0.15440841051919035
0.15104486739826273
0.15025045332662126
0.14726310042090898
0.14420782960491452
0.1415958433560847
0.1389059750000004
0.13631623112528402
0.1338211330436393
0.1314155939130966
0.13139703426920896
0.12910858064112232
0.1291475731615192
0.12700729216727086
0.12493658022913368
0.12293211067506105
0.12099076485339519
0.12389241830814052
0.12213775500570642
0.12195152727953792
0.11999967892964697
0.11810891746320765
0.11627643659969739
0.11673196933022567
0.11797764003822764
0.1163305536657035
0.11725888301749282
0.11562074498501926
0.11402729385020155
0.11247674426824525
0.11096740372814337
0.10949766666666591
0.10806600901871602
0.10667992282777614
0.10534408856493399
0.10404080398981264
0.10377899169921836
0.1022712383249818
0.10115205875809494
0.09971102292753545
0.09949666240090593
0.09941405115679483
0.09819010957106492
0.09699640067445922
0.0958318047794576
0.09562091855575713
0.09571870570416108
0.09540898850274243
0.09479304853163287
0.09377632667045444
0.09278115985258575
0.09180687053506345
0.09173508750067841
0.09081529725505924
0.09055174515401757
0.08963499159365637
0.08873647395833342
0.08798054828152177
0.08710493430599844
0.08624645134756154
0.08582920542690836
0.08529709534607513
0.08444840721423302
0.08361629618987551
0.08280028490639174
0.08199991403023951
0.08121474142248944
0.08044434134645984
0.07968830371852986
0.07894623339942772
0.07821774952347002
0.0775315662584585
0.07683356893519278
0.07614794168961755
0.07547436056226117
0.07481251274607711
0.07416209611303987
0.0735258633958038
0.07291942249571537
0.07232289550157717
0.07173604147085799
0.07115862719999996
0.07126634515627692
0.07073461166279246
0.07148273860414803
0.07105357924653577
0.0705259764736002
0.07085454855549259
0.07287983282086202
0.07213319387280437
0.07330313427155777
0.07265414232247774
0.0720147915858328
0.07138490012197121
0.07269440851823375
0.07194981399074049
0.07142022480867294
0.07104811639003789
0.07047790424854147
0.06991653171554948
0.06936379891854713
0.06881951187010524
0.06857169501107896
0.06837139191447139
0.06905719875894742
0.06858674063722436
0.06812265601851797
0.06766481612842187
0.06721309564166533
0.0667673725673073
0.0670109194598196
0.06663960871851712
0.06627236769714748
0.06590913011031563
0.06554983110277926
0.0651944072109572
0.06484279632568343
0.06459219276950981
0.06421076973188591
0.06383388362330986
0.06369999185548436
0.06327751041173893
0.06286050196758855
0.0624488623151703
0.06204248984491706
0.061641285465891066
0.06124515252900464
0.0608539967530034
0.06046772615310825
0.060086250972194555
0.05970948361441311
0.05933733858114676
0.05896973240921877
0.05860658361124435
0.0582478126180605
0.057893341723130654
0.05754309502886365
0.05719699839475825
0.05692161696470288
0.05658535176925952
0.05625298261439987
0.05592444294184645
0.05559966768616628
0.05527859323350759
0.054961157381684
0.05464729930155854
0.05433695949968384
0.054030079782141194
0.053726603219538704
0.053426474113132505
0.05320512907210509
0.05290596141202675
0.052610090421463696
0.05231746255218658
0.05202802539797027
0.051741727664567944
0.05145851914062488
0.05139377319999647
0.0511181139106032
0.050845359442899
0.050575464593376834
0.05030838508340452
0.05004407753587259
0.0497824994525394
0.049523609192051676
0.049267365948618386
0.049013729731310324
0.048762661343974834
0.04851412236572927
0.04850628030035453
0.0484878505922853
0.04825326354912124
0.04802093063980098
0.04779081959272527
0.047562898748309906
0.047337137044567906
0.047113504003099244
0.04702379011242286
0.04681633350693032
0.04661069649217764
0.04653911034497851
0.0463304477366252
0.046123658002211326
0.04591871590977015
0.045715596680726306
0.04551427597971258
0.045502869613161245
0.04554421387580798
0.04536608004479728
0.045189340465367045
0.04501397872182872
0.04483997865758718
0.04477867980729858
0.044543747426674135
0.044311161617081485
0.04410492892519394
0.043817317143193035
0.043639679163248735
0.04327410536967835
0.04313930794229365
0.04285178702778744
0.04312719735541068
0.04264151866945645
0.042162455680362865
0.04224032590622259
0.04207821592979882
0.04241489126666684
0.04252677838563004
0.042238056055357714
0.04200758867366114
0.04213069941682859
0.04239516016966846
0.042304447603722595
0.042317962811391524
0.04219484394654785
0.04207237429007074
0.04195054966644851
0.04182936591583167
0.04170881889461037
0.041588904475960586
0.04146961855035419
0.041522789926135756
0.041382696338238045
0.04124354377420428
0.04146600687252064
0.04127420718099564
0.041084101762942304
0.04126766712794838
0.04112857932741626
0.04099040667905621
0.040853140421518025
0.0407167719008264
0.04058129256883272
0.04044669398168946
0.04031296779834548
0.04018010577907011
0.04007257467998329
0.03991534087176338
0.039759315275549656
0.039604484208534935
0.039450834191393835
0.03929835194454767
0.039147024384516754
0.03899683862034717
0.038847781950118176
0.03869984185752132
0.038553006008514606
0.038407262248051466
0.038262598596871894
0.0381190032483682
0.037976464565514234
0.03783497107786088
0.03769451147859226
0.037555074621646034
0.0374166495188937
0.0373757895388529
0.03723848761574078
0.03710217505128735
0.0369668413251569
0.03683247606407844
0.036699069039306975
0.03664346971772953
0.03651425863697741
0.03638594451256552
0.03625851813251982
0.03613197040947019
0.03600629237857053
0.03588147519545301
0.03575751013422912
0.03563438858552645
0.035512102054566175
0.03539064215927415
0.03527000062843624
0.03515016929988393
0.03503114011871333
0.03493436557920318
0.03484007161458308
0.03474627750028181
0.03465297934946143
0.034560173314451686
0.034467855586274077
0.03437602239417356
0.03445204736763671
0.03436247796643557
0.0344636880408756
0.03438758026574573
0.03431176991737875
0.034236255697151025
0.03422705187232211
0.0341134244500029
0.03423354335255893
0.034141902940743374
0.034050745775773245
0.033960068104782
0.03386986621287602
0.03378013642266786
0.03369087509382021
0.033602078622589376
0.03351374344138125
0.0334258660183093
0.033338442856762324
0.03332479325782059
0.0332613446094262
0.03319808362957219
0.03327876721917816
0.03344046496976444
0.03339737808552068
0.03365933358093909
0.03359863227273005
0.03353809654275691
0.033507695793621756
0.03342949497221426
0.03335164955687209
0.033274157207784094
0.03320673078575209
0.033113412446769186
0.03302061588407751
0.03292833674385176
0.0328365707204622
0.03274531355580834
0.0326545610386704
0.03256430900406271
0.03262113829075741
0.03254224987559959
0.0324637337386236
0.03238558732939187
0.032307808119707154
0.032230393603386476
0.03215334129603781
0.03207664873484206
0.03200031347833124
0.03192433310617335
0.031848705218961965
0.03201348196547868
0.031905556828619036
0.03179831739662736
0.03179830970258127
0.031711798125161506
0.03162575486950531
0.03154017615143506
0.03145505822735131
0.031370397393689964
0.03128618998639213
0.03120243238037615
0.031119120989025584
0.031036252263676706
0.030953822693123023
0.03087182880311995
0.030790267155904577
0.030709134349713868
0.03062842701832022
0.030548141830565367
0.030468275489909435
0.03038882473398047
0.03030978633413564
0.03023115709502522
0.030152933854167008
0.030075113481525084
0.029997692879094595
0.029958596054103337
0.029885081033307753
0.029984834409338745
0.02991027986502251
0.029836094642288508
0.02976227600728179
0.02970544536773906
0.029618414803422255
0.02953187698398263
0.029445827829613913
0.029376100542432032
0.029332077952986646
0.029359653623930726
0.029311907097884726
0.029264286039093784
0.029216790247650448
0.029169419519271156
0.029122173645417304
0.029075052413414598
0.029215219526330855
0.029185214526432163
0.02915517441872703
0.029125100644548457
0.029107180117666387
0.0291728132700039
0.0291753108014845
0.029127398396881943
0.029079621409121542
0.029050601570497797
0.028976970374726574
0.028890366956955266
0.02880425335987455
0.028718625579534723
0.028633479654461808
0.028548811665109003
0.02846461773331091
0.02838089402174898
0.02829763673342467
0.028214842111141225
0.028132506436992638
0.02805062603186012
0.027969197254916228
0.02789493418623154
0.027842174120824348
0.027789604730142414
0.02773722505198753
0.027685034129834862
0.027633031012803178
0.027581214755627054
0.0276420656703541
0.027568429470321038
0.027540006116891835
0.027526202590731047
0.027462047255780414
0.027398189182660487
0.02739611764618452
0.027337870209706128
0.027279869938280937
0.02722211526194207
0.027164604623991506
0.027107336480861832
0.027050309301975328
0.02699352156961002
0.02693697177876339
0.02688065843701995
0.026824580064420595
0.026768735193331478
0.026713122368317632
0.026657740146015046
0.02660258709500668
0.026547661795698008
0.026492962840196754
0.026438488832191326
0.026384238386832126
0.0263302101306159
0.0262764027012658
0.026306290739748744
0.02626989072634875
0.026233569898772624
0.026197328186347596
0.026161165515709933
0.026174683119991188
0.026156710335100142
0.02643119529250848
0.026410579496161407
0.026416671857151047
0.026376124486316266
0.026335694727183362
0.02629538211056101
0.026260349305802344
0.02620908984646486
0.0261580319567159
0.026107174437982883
0.02605651610127563
0.02600605576709336
0.02595579226532621
0.0259057244351637
0.02585585112500033
0.025903670173520743
0.02584470855147697
0.025786010023221645
0.025727572855788805
0.025669395331235217
0.025611475746474793
0.02555381241312213
0.025496403657336658
0.025439247819664557
0.02538234325488825
0.025325688331875706
0.025359679172591243
0.025299325898538977
0.025239249158807375
0.02519247582348194
0.025131020043183128
0.025069850085011947
0.025008964019703955
0.024948359934938824
0.024888035935158648
0.024827990141389283
0.02476822069106102
0.024708725737832976
0.02464950345141964
0.024590552017419998
0.024608154757224193
0.0245504682028706
0.024493041098973434
0.02443587174590975
0.024378958458575822
0.02438764976861249
0.024334806912640228
0.024311381926895637
0.024265236018898795
0.024219264245554428
0.02417346562694997
0.024127839190483585
0.02408238397079454
0.024037099009697055
0.023991983356117047
0.02394703606602039
0.0239022562023552
0.023857642834981374
0.023831359767001403
0.023768450513463685
0.023705839987903654
0.023643526188181135
0.02358150712934487
0.02351978084345696
0.023458345379414214
0.023397198802772606
0.023336339195576095
0.023275764656185277
0.023215473299106754
0.023155463254830255
0.02309573266966175
0.023036279705558632
0.022977102539975286
0.02291819936569911
0.02285956839069378
0.0228012078379482
0.02274311594531972
0.022685290965385352
0.022627731165290738
0.02257043482660276
0.022513400245165155
0.022494272819965883
0.022450932697528958
0.022407757953562507
0.02236474764952484
0.022321900853922494
0.02231011632335514
0.022266878582939492
0.022223806384212064
0.022180898786335196
0.022138154855536135
0.0220955736650415
0.022053154295014532
0.022010895832486083
0.021968797371296728
0.02197355640434756
0.02191907732328091
0.021864841042991773
0.02181084603649272
0.021757090789098377
0.021703573798306508
0.021650293573677676
0.021597248636717303
0.0215444375207611
0.02149185877085777
0.0214920311407647
0.021451102497460045
0.021410326846642402
0.021369703343336405
0.021329231148712158
0.02128890943002884
0.021248737360581055
0.02120871411964359
0.021168838892419106
0.021129110869984202
0.021089529249236932
0.021051010696192973
0.021010474567957682
0.020970090713363254
0.02092985829070093
0.020889776464370652
0.020900824457863343
0.020861548671118196
0.020822417410209487
0.02078342989060708
0.02074458533338225
0.020705882965159128
0.0206673220180639
0.020628901729678656
0.02059062134298975
0.020552480106345805
0.020514477273405635
0.02047661210309601
0.020438883859561496
0.020401291812123523
0.02036383523523222
0.020350210792477785
0.02031431122013072
0.02027853663065904
0.020257315473065918
0.0202222140917247
0.020187233584279263
0.020152373329978268
0.0201176327122988
0.02008301111890881
0.020048507941634375
0.020014122576422183
0.019979854423306853
0.019945702886373623
0.019911667373727654
0.019877747297459225
0.019843942073608428
0.01981025112213508
0.01977667386688345
0.019743209735551603
0.019709858159659033
0.019676618574514304
0.019643490419184007
0.01961047313646122
0.01957756617283568
0.01954476897846294
0.019512081007132948
0.01947950171624238
0.01944703056676264
0.019414667023212706
0.019382410553627993
0.019350260629533128
0.019353116614207966
0.019320566157431662
0.019288124250011
0.019255790353079838
0.019223563931311805
0.01919144445289711
0.01915943138950893
0.01912752421627828
0.019095722411764465
0.019064025457928208
0.019032432840101865
0.01900094404696523
0.018969558570516853
0.018938275906046714
0.01890709555211123
0.01887601701050509
0.01884503978623825
0.018814163387505828
0.01878338732566759
0.018752711115218063
0.018722134273765123
0.018691656322002564
0.018661276783687647
0.018630995185614535
0.018600811057593647
0.018570723932423455
0.01854073334586992
0.018510838836642424
0.01848103994636982
0.018518017965904993
0.01849232591706415
0.018466705309527903
0.018441155844478252
0.018415677224768695
0.018390269154915817
0.01836493134108244
0.01833966349107033
0.018314465314306583
0.018289336521832927
0.018264276826294418
0.018239285941928696
0.018214363584554333
0.018189509471559395
0.018193308379131024
0.018168180994907912
0.018143122851777327
0.018118133664245972
0.018093213148384274
0.018068361021818857
0.01804357700372
0.01801886081479273
0.01799421217726313
0.01796963081487285
0.017945116452864285
0.01792066881797305
0.01789628763841611
0.017871972643884043
0.01784772356553002
0.017823540135957855
0.01779942208921545
0.017775369160783344
0.017751381087565465
0.01772745760788008
0.017703598461449283
0.017679803389389487
0.017656072134203754
0.017632404439772098
0.017684178264183698
0.017670683285997663
0.017657196273729303
0.017643717311655843
0.017630246482967266
0.017632856990173473
0.017652111797955145
0.017649779913951252
0.01764739681496602
0.01764496293790921
0.017642478716119042
0.017727659914392152
0.01772394110642775
0.017898417052575805
0.01787968981882196
0.017860999802300298
0.017842346900607375
0.017823731011666344
0.017805152033722932
0.018012514994969586
0.01802220374821581
0.01803177784055321
0.018151338418842616
0.01814307898357362
0.018134799517864758
0.018126500267487883
0.01813607080240212
0.01815427035048539
0.01814015703370142
0.018126054721659318
0.018111963475309217
0.01809788335472473
0.018083814419115968
0.01806975672683675
0.018055710335394687
0.01804167530145953
0.018135546635819316
0.018120930451941242
0.01810632859845962
0.018091741112900905
0.01807716803210832
0.018062609392246548
0.018048065228811944
0.01803353557663881
0.01801902046990625
0.01800451994214705
0.017990034026252988
0.017975562754483476
0.017961106158471657
0.01794666426923272
0.017932237117169708
0.01793901630956113
0.017914381144787328
0.017889813107018177
0.017865311923826233
0.01784087732424841
0.017816509038776407
0.017792206799348176
0.01776797033933608
0.017862125215764357
0.01782817055392963
0.017794330602438097
0.017760604816835834
0.017726992655973023
0.017693493581978692
0.017660107060238267
0.017626832559368893
0.017593669551194374
0.01756061751072413
0.017527675916127916
0.017494844248714114
0.017462121992904728
0.017429508636215674
0.017397003669232608
0.01736460658558675
0.01733231688193687
0.017300134057944644
0.017268057616251886
0.0172360870624631
0.017204221905119305
0.017172461655680316
0.017140805828501388
0.017109253940814778
0.01707780551270574
0.01704646006709587
0.017015217129719484
0.01698407622910611
0.016953036896558304
0.016922098666133173
0.016891261074622493
0.01686052366153218
0.01682988596906515
0.016799347542100107
0.016768907928173177
0.016738566677459682
0.01670832334275485
0.016678177479455297
0.01664812864554019
0.016618176401554635
0.01658832031058957
0.016558559938265743
0.016528894852713694
0.01649932462455897
0.016469848826902583
0.016440467035303774
0.01641117882776344
0.0163819837847064
0.016355670443074094
0.016333934506699038
0.016312255610786447
0.01629063353318877
0.016269068052901847
0.01624755895005711
0.01622610600591398
0.016217363079169156
0.016195253494229955
0.016173203048968354
0.01615121150968224
0.016129278643887968
0.01610740422030829
0.016085588008867696
0.016063829780682992
0.016042129308056402
0.01602048636446679
0.015998900724564752
0.015977372164162368
0.015955900460226824
0.01593448539087272
0.015913126735357414
0.01589182427406738
0.01587057778851922
0.015849387061346032
0.015828251876293553
0.015807172018211857
0.015823633841367285
0.01580296344994117
0.015800655608017855
0.015780816289223204
0.015798760793587024
0.015767542661991096
0.01573642630981592
0.015733261041382507
0.01570230474644252
0.01567144899684747
0.01564069334567339
0.015610037348506522
0.015579480563423426
0.015569138891935036
0.015549955910931779
0.015530819813614594
0.015511730429346504
0.01549268758831554
0.01547369112152655
0.015454740860797067
0.015435836638752809
0.015416978288823047
0.015398165645235246
0.015379398543010403
0.015360676817958385
0.01534200030667418
0.015323368846530044
0.015304782275676332
0.015286240433031617
0.015267743158280944
0.015249290291870748
0.015230881675004054
0.01521251714963584
0.015194196558470374
0.015175919744953886
0.015157686553272043
0.015139496828346644
0.015121350415827933
0.015103247162093825
0.015085186914244708
0.015067169520096235
0.015049194828180484
0.015031262687737024
0.01501337294871119
0.014995525461750675
0.014977720078197948
0.014959956650090867
0.01494223503015446
0.014924555071800377
0.014906916629120859
0.014889319556884273
0.014871763710533559
0.014854248946180343
0.01483677512060208
0.014819342091238474
0.014801949716185203
0.014808611944273298
0.014791178706436842
0.014773786350139928
0.014756434732119295
0.014739123709778673
0.014791653026132473
0.01477665339340889
0.01476168415131257
0.014746745207533662
0.014731836470135345
0.014716957847552836
0.014702109248592138
0.014687290582426654
0.014672501758596496
0.014657742687006037
0.014643013277923028
0.01462831344197471
0.014628536874199738
0.014619455656601388
0.014610380152420027
0.014601310386095884
0.014672156123562596
0.014663003271718655
0.014653856451264963
0.014644715684756088
0.01463558099447726
0.01462645240244928
0.014617329930428413
0.014630349755541422
0.014615766741666675
0.014601212788104362
0.014586687807984805
0.01457219171478516
0.014557724422327695
0.014543285844776738
0.014528875896639148
0.014514494492760321
0.014500141548324463
0.014540341017180658
0.014529858051226363
0.014519387094206415
0.014545073164270117
0.014530747561932927
0.014516449612046123
0.014502179236527274
0.014507122054091243
0.014490446817446045
0.014473808859336634
0.014648919527589732
0.014631793476461624
0.01461470626371869
0.014597657760423294
0.014580647838198096
0.014563676369221512
0.014578862245988172
0.014564330507811613
0.014549827279705746
0.014535352479299934
0.014520906024533459
0.01450648783365499
0.014508600170300062
0.014497917449028785
0.014487248068421749
0.014476592013607459
0.014465949269667905
0.014455319821641471
0.01444470365452219
0.014434100753261958
0.014423511102769598
0.014412934687912854
0.014402371493519112
0.014391821504375707
0.014381284705229841
0.014370761080790745
0.01436025061573018
0.014349753294682438
0.014339269102244812
0.014328798022979317
0.014318340041412941
0.014307895142037397
0.014297463309311503
0.014287044527660248
0.014276638781476447
0.014266246055121334
0.014255866332924
0.014245499599183559
0.014235145838168567
0.014255784776601804
0.014244611874338453
0.01423345521022712
0.014222314753644688
0.014211190474023527