2.5987657335069443
1.7221681027091913
1.3091196695963543
1.055551944444444
0.9023724172668044
0.7813782740987553
0.6906193203396269
0.6185096672890316
0.5644547743055555
0.5237310772070822
0.4849799345877277
0.4524802785655654
0.4396336957402005
0.43303719735939644
0.4140818761454689
0.40051418164626607
0.39768100061429423
0.3868469270909267
0.3790065313042539
0.36469128134267875
0.34833664990615715
0.33808015474883746
0.3262581994013535
0.314830020666667
0.30717702469756486
0.2972987373598386
0.2880299259023207
0.2804806846424312
0.27199361486196816
0.2640023733631334
0.25746387317776653
0.25131662620877704
0.24525226241285897
0.23910074714239474
0.2329647589877359
0.22760952712084703
0.2224698427527964
0.2169455827875381
0.21237912913004575
0.20729000385869534
0.20292410972607738
0.1987513454603272
0.19520695784791686
0.1908254153330289
0.1875588284365306
0.18439177954346747
0.18085304300808036
0.17744710865898894
0.17416666561111177
0.17100492786951682
0.16795558824744755
0.16501277703405534
0.1627531889139496
0.16145701316318734
0.1588478048659032
0.15614421064852188
0.15353099150260682
0.1518620907242789
0.14962893507801836
0.14709401107594192
0.14512735996803014
0.14350782298739226
0.14147833766829712
0.1404670465310125
0.13849701093447855
0.1378532444846346
0.13635446315758026
0.13499878719419386
0.134085161302511
0.13388738913807668
0.13200403497524785
0.13325091663742972
0.13205927320206512
0.13351862468450015
0.13317525788889623
0.13197070791950605
0.13086728534391365
0.12997458601241418
0.13030871565712845
0.12876334492432945
0.1272539847267399
0.1259038929651839
0.12516395931062488
0.12380417317700554
0.12275202090747989
0.12154170832750683
0.12035447771250002
0.11918969517841613
0.11804674884814947
0.11692504796690306
0.1158240220550632
0.11519354654513697
0.11400080321081324
0.11283246345242398
0.11168778750979072
0.11056606514667286
0.10957250346070774
0.10854023508168012
0.10752739463975722
0.10653343405286284
0.10562699845905779
0.10588119094298201
0.10522108958072893
0.10501734461921208
0.10395753364767268
0.10345510919258225
0.10281479838896582
0.10181803977711551
0.10084035869293487
0.10018212107015462
0.09953585086644895
0.09873438789853006
0.09865083515689882
0.09823598211722595
0.09738388308580176
0.09654633372013602
0.09572296715356429
0.09516962398935228
0.09452023525578138
0.0936305094256917
0.09359691906798598
0.0928467994125475
0.09210847937631703
0.09138168575146602
0.09066615360295924
0.08996162596170204
0.08926785353105438
0.0885845944060463
0.08791161380466331
0.08764639751557232
0.08702215949292741
0.08640669587342012
0.08579982422869625
0.08520136711266568
0.08461115189412488
0.08402901059602466
0.08365228084129558
0.08388155662743518
0.08330628054780007
0.08279395522764638
0.08226617836819511
0.08173016462022462
0.08120108703288667
0.08075547673119463
0.08024163785519822
0.08037687865750659
0.08029853725298547
0.07979473879168544
0.07929720315337718
0.07936754706840188
0.07887963923027458
0.07839634823297009
0.07882338965077404
0.07849498938407709
0.07807310255896358
0.07765493613430838
0.07728172670471523
0.07700011272442969
0.07757488826970235
0.07739556056730351
0.07698676182966438
0.07687376228270862
0.07639729419793054
0.07599383444995225
0.0755368546702285
0.07508536204465813
0.07497138751813426
0.07453688559224947
0.07416675733394232
0.07391722588475064
0.07347650296874092
0.07304098231365147
0.07261057269410348
0.07218518499810236
0.071764732166376
0.07134912913378214
0.071172415074163
0.07075748812942301
0.07034731923306956
0.06994182778201871
0.06954093496803554
0.06914456372844666
0.06875263869845633
0.06836508616499987
0.06798183402209279
0.06760281172759994
0.06722795026138934
0.06685718208481217
0.06649044110145666
0.06612766261914199
0.06576878331309077
0.06548366337520328
0.0651168795142455
0.06475412392970267
0.06440353463057552
0.06404191118681196
0.06368426771646385
0.06351624975800266
0.063145555822916
0.06277902798450904
0.06241659801221994
0.06205819913111574
0.06170376598382829
0.06135323459365813
0.061028079986685385
0.06068167347508743
0.06033905051355132
0.060000150899585936
0.059664915678440955
0.059333287111401456
0.05908805738986564
0.05876342981235627
0.05844223988743777
0.058239002533058915
0.05792664760576513
0.057617530777582804
0.05731160300749216
0.057008816223768743
0.056709123300462266
0.05651311323654376
0.05632823162162606
0.05604411453634442
0.055762790317401584
0.05548421864139913
0.055208359947545915
0.05494924027847703
0.05469292339546411
0.054438981112261364
0.05418738064967343
0.05393808982797138
0.05369107705327089
0.053446311304285565
0.05320376211943009
0.052963399584276954
0.05272519431934278
0.052489117468205226
0.05239928015764472
0.05219641960216473
0.051995143280212514
0.05202665946663593
0.05221938814940144
0.05206990040244
0.051934292193319326
0.05189658670352562
0.051734784370466386
0.051573999345028126
0.05165246501030099
0.051644906542911234
0.05141435745758924
0.05130076954801449
0.05108468509023789
0.050870397044232074
0.05085236214802741
0.05065451889338066
0.050458234251437084
0.05026348958483223
0.050070266556508564
0.04987854712361528
0.04968831353155692
0.049499548308182734
0.049346610302684946
0.04917482314344246
0.04906947289127078
0.048996791198804984
0.048882794007486574
0.04880467267908625
0.048933257654136475
0.049218049939073694
0.049123795729490216
0.04902971746174736
0.04896715459118703
0.04884623416391651
0.04872584668725086
0.04860598934297139
0.048515803844391914
0.04837053721498977
0.04829945658680754
0.04822740924445304
0.04822795827287038
0.048037408320125013
0.04784833864847243
0.047660732255077776
0.04747457239428399
0.04728984257280175
0.04710652654500705
0.04692460830834383
0.046744072098825695
0.04656490238663774
0.04638708387183596
0.04623533862127929
0.04605802463016445
0.04588204719942382
0.04570739143515912
0.045534042662023544
0.04536198641925124
0.04519120845677979
0.045021694731456646
0.04488748948708862
0.04471104523229655
0.04453593349777679
0.04436213963164848
0.04418964919185864
0.04401844794250254
0.0438485218502119
0.04367985708062164
0.04351243999491086
0.043346257146414297
0.04318129527729758
0.04301754131530944
0.042854982370591765
0.04269360573255973
0.04253339886684368
0.0423743494122894
0.04226897089856879
0.042133764257384215
0.04202496447484408
0.041884512097532633
0.041744994471727886
0.04160640231307208
0.04146872645947408
0.04133195786910754
0.04119608761844959
0.04106110690035891
0.04092700702218657
0.040793779403930364
0.04066141557641753
0.04056696430674325
0.040733963161964454
0.04062102739657439
0.040587468844192454
0.04059181463506226
0.04044013805179844
0.0402895486418377
0.040140035066252994
0.0399915861401442
0.03984419083006535
0.03982646952468405
0.03971516174181269
0.039590430973023255
0.03946646826100961
0.03934326663362345
0.03926008403062703
0.03914151982688077
0.039023660625241485
0.03890650022775599
0.038790032508135674
0.038674251410733884
0.03855915094954021
0.03844472520719411
0.03833096833401203
0.03821787454703526
0.038105438129085706
0.0379936534278478
0.03788251485495772
0.03777201688511145
0.037662154055185415
0.037552920963373704
0.03744431226833944
0.03733632268837603
0.03722894700058885
0.03712218004008569
0.03701601669918009
0.03691045192661088
0.03680548072677203
0.03670109815895406
0.036598994408395535
0.03649943589295415
0.03640041863947538
0.036301938236916964
0.03620399032213914
0.03610657057925379
0.03604842223696034
0.03596547539202147
0.035882907079159615
0.035800714725648164
0.035718895781964605
0.03563744772152497
0.035556368040427666
0.03547565425720148
0.0353953039125508
0.03531531456911158
0.03523568381120512
0.035156409244598535
0.03507748849626574
0.03499891921415371
0.034920699066951444
0.03484282574386302
0.0347652969543778
0.0346881104280545
0.034724626646875506
0.03465370105455515
0.034626242058568485
0.03461334926847098
0.03454611118955417
0.03447906819048144
0.03450105349668797
0.034743635151598784
0.034861198000770616
0.034784655685397986
0.03470831818220563
0.03468520866941521
0.034616330819456004
0.03460661917179858
0.03452834053900425
0.034894859591704463
0.03482208032374104
0.03474953422922311
0.03467722093433456
0.03460514005177412
0.03460223200675572
0.03456426121543332
0.03449727769468616
0.034430534135859975
0.03436402943121997
0.034297762477429855
0.03423173217557279
0.03416593743117541
0.034100377154235445
0.034038555288338906
0.03396978907392825
0.03390129233726111
0.03390388080048268
0.03381534970647432
0.03372727440393436
0.033721945286133426
0.0336469355556821
0.03357226276423472
0.03349792461595008
0.03342391883610363
0.03335024317083943
0.03327689538692791
0.03320387327153013
0.0331311746319598
0.033058797295448694
0.03298673910892208
0.03291499793876981
0.032843571670626265
0.03287513292239952
0.03280963971929099
0.03274440170772677
0.0327112223248161
0.03268747262405225
0.032612181130557805
0.03253723026145655
0.03246261774533324
0.032388341330613774
0.03231439878535952
0.03230600358449262
0.03222209523662997
0.032138606813035264
0.032055535247752814
0.03197287750402328
0.031890630573947476
0.03180879147814783
0.03172735726543613
0.031646325012487736
0.03156569182351476
0.03148545482995169
0.031405611190140154
0.031326158089017786
0.03124709273781137
0.03116841237374096
0.031090114259715057
0.031012195684042065
0.030934653960140168
0.03085748642624936
0.030780690445153747
0.030704263403899673
0.030628202713523095
0.030552505808780217
0.03047717014787879
0.030402193212215073
0.03032757250611362
0.030253305556572796
0.03017938991301075
0.030105823147012017
0.030032602852087947
0.029959726643427942
0.029887192157661502
0.02981499705262286
0.029743139007113006
0.029689160537203357
0.029640850509788513
0.02959268683064256
0.029544668917663885
0.02949679619093218
0.02944906807271197
0.029401483987456123
0.029354043361811577
0.029306745624618602
0.02925959020691532
0.02921257654193901
0.02916570406513036
0.029118972214130234
0.029072380428785016
0.029025928151147684
0.028979614825473954
0.02893465283291255
0.028903796353243888
0.028934134908830234
0.028939363294839177
0.02891417797671561
0.029063462326984923
0.029070017902755235
0.029076316796648044
0.029248902394156506
0.029211987819227347
0.029213771256286714
0.029152411598807937
0.02909131362722589
0.029030475650623777
0.029136710727805604
0.029119592098463626
0.029040452889897733
0.02894329535202117
0.02884666950012099
0.028750571365759953
0.028654997017834388
0.02860507807071036
0.02854260666311756
0.0284804008271764
0.028418458904803684
0.02841722633967919
0.028372419542398747
0.02831227688907062
0.028252383439280465
0.028192737672443402
0.028133338080156195
0.028074183166075878
0.02809543666642339
0.028044579605050968
0.027993906335906343
0.027943415864308346
0.027893107202742767
0.02790501484469013
0.027859661894234666
0.027814453699746777
0.027769389584103993
0.027724468874278013
0.027679690901304926
0.027635055000256453
0.02759056051020864
0.027546206774217846
0.027501993139287195
0.027457918956338923
0.027413983580189732
0.02737018636951799
0.027326526686839575
0.02735681363160375
0.027323344887223655
0.027289943898254593
0.027275085654678066
0.02723907168172421
0.027203145983104388
0.027167235150961172
0.027135574435011134
0.027107159128589103
0.027103973898778305
0.027066777352438953
0.02702967333854231
0.026992661577920157
0.02695574179185528
0.02691891370209304
0.026882177030844834
0.02684553150080307
0.02683779175122944
0.0267994504463428
0.026761214485476997
0.02672308345914534
0.026685056959781156
0.026647134581733095
0.026609315921251764
0.026571600576485138
0.0265339881474643
0.02649647823609938
0.026459070446166605
0.026421764383303487
0.02638455965499381
0.026347455870565473
0.026310452641175597
0.02627354957980718
0.02623674630125486
0.026200042422120706
0.026163437560802028
0.026126931337483866
0.02609052337413134
0.0260925156477346
0.02605769694756155
0.026022964418387196
0.02598831778320418
0.025953756765801528
0.02591928109076644
0.02588489048348483
0.02585058467014742
0.0259305450799219
0.025904164244907796
0.025868921845480536
0.025833770373913767
0.02579870950828117
0.025763738927920193
0.025728858313431968
0.025694067346676674
0.02565936571076835
0.025624753090074642
0.02559022917020934
0.025555793638035257
0.025553049064058725
0.02551904504858607
0.02548512979223347
0.02545130295451617
0.02541756419665714
0.025383913181576262
0.02536114510535753
0.025319702226170443
0.025278394110181568
0.025237220103296598
0.02519617955563283
0.02515527182148783
0.025114496259302316
0.025073852231631
0.025033339105106495
0.02499295625041098
0.0249527030422374
0.024912578859264872
0.024872583084122157
0.024832715103359188
0.024792974307414783
0.024753360090584514
0.024713871850994135
0.02467450899056642
0.024635270914992236
0.02459615703370155
0.024557166759832383
0.02451829951020515
0.024479554705289647
0.02444093176918083
0.024402430129567054
0.024364049217703992
0.024325788468387566
0.02428764731992525
0.02424962521410917
0.0242117215961892
0.024173935914847455
0.02413626762217022
0.02409871617362122
0.024061281028019604
0.024023961647510084
0.023986757497538036
0.023959450173112462
0.023923718875104832
0.023888093624069823
0.023852573950347622
0.0238171593870386
0.023781849469979605
0.023746643737725087
0.023711541731529895
0.02367654299532515
0.023641647075703875
0.023606853521895732
0.023572161885755172
0.02353757172173504
0.02350308258687439
0.023468694040774063
0.023434405645582745
0.02340021696597741
0.023366127569142497
0.02333213702475559
0.023298244904968318
0.023264450784388685
0.023230754240061796
0.02319715485145543
0.0231636522004407
0.02313024587127585
0.023096935450590855
0.023063720527365217
0.023030600692918096
0.022997575540887855
0.022984631462241722
0.022977110724449024
0.022942083093693916
0.022907161104572304
0.0228723442839375
0.022837632161440774
0.022803024269510558
0.022768520143336635
0.02273411932084274
0.022699821342674786
0.022665625752172486
0.022631532095358065
0.022597539920909654
0.022563648780148077
0.022529858227011396
0.022527096228102894
0.022498446977765346
0.022469869541142412
0.02244136365306834
0.022412929049649505
0.022384565468263007
0.02235627264754328
0.02232805032738161
0.022299898248913513
0.022330010911740916
0.022298903415720994
0.022267882575921022
0.02223694803026441
0.022206099418696612
0.022175336383162575
0.022144658567598535
0.022114065617914208
0.022083557181983543
0.022079792850447505
0.02204697873474029
0.022014261801798662
0.021981641621364567
0.021963558184778242
0.021943972298291425
0.021915029868616098
0.021886164879033165
0.02185737701371432
0.02182866595857666
0.02180003140127379
0.02177548869730611
0.021753758080344132
0.02173206802540964
0.02171041843013216
0.021688809192425162
0.021688551847255766
0.021818191062496523
0.02179150193643209
0.021764875831991132
0.021738312537071536
0.02174579516618938
0.021718260906069126
0.021690794653511286
0.021747904650233463
0.021749360597752954
0.021722790855850854
0.02169628421927622
0.021669840471778862
0.021643459398038106
0.021617140783661642
0.021590884415182504
0.02160813418013391
0.021597156713020788
0.021570991060563455
0.021544889515428378
0.021518851838358416
0.021492877791308873
0.02146696713744284
0.021441119641121442
0.02141533506789642
0.021400267721899985
0.02138656918402146
0.021440241729259568
0.02141050601531924
0.02138085193282091
0.02135127914874088
0.02132178733185297
0.02129237615271326
0.021263045283652027
0.021233794398758193
0.02120462317386959
0.021175531286561133
0.02114651841613402
0.021117584243600523
0.021088728451679084
0.02105995072477662
0.02103125074898085
0.021002628212050456
0.02097408280339963
0.020945614214089803
0.02091722213682015
0.02088890626591494
0.02086066629731198
0.020832501928554376
0.02080441285877932
0.020776398788706518
0.020748459420629056
0.020720594458403407
0.020692803607437055
0.020665086574680774
0.02065365686517781
0.02061300838898225
0.02057249848445114
0.02053212649449762
0.02049189176599936
0.020451793649767458
0.020411831500520422
0.020372004676854016
0.020332312541214426
0.020292754459867918
0.020253329802875947
0.020222677682720874
0.02019052379795508
0.020158466721626328
0.02012650603222585
0.020094641310629907
0.020062872140081456
0.020031198106174042
0.019999618796834262
0.019968133802307525
0.019936742715141176
0.019905445130169258
0.01987424064449486
0.019843128857477355
0.019812109370715036
0.0197811817880299
0.01975034571545292
0.019719600761210015
0.019688946535704105
0.019658382651503964
0.019627908723325344
0.019597524368020786
0.019567229204561887
0.01953702285402592
0.01950690493958207
0.01947687508647697
0.019462740454591787
0.01943132726144073
0.01940000860708674
0.019368784083247076
0.019337653283918177
0.019306615805361443
0.019275671246086257
0.019244819206835073
0.019214059290569463
0.019183391102454567
0.019152814249842887
0.019122328342261102
0.019091932991393196
0.01906162781106993
0.01903141241724901
0.019028435166332486
0.018998380993590303
0.01896841547252856
0.01893853822759692
0.01893524075715436
0.018911743854513108
0.018888305077913503
0.0188649242123253
0.01884160104377719
0.018818335359346378
0.018795126947157514
0.018771975596371976
0.018748881097182896
0.01872584324081089
0.018702861819493682
0.018679936626482846
0.018657067456038068
0.018634254103418207
0.01861149636487963
0.018616964604163733
0.01862866956832293
0.01861024010219653
0.018591847129193262
0.01857349054010532
0.01855517022616976
0.01853688607906387
0.01855469285111702
0.018535883922752572
0.018517113500291282
0.018498381463496555
0.01847968769264835
0.018461032068533584
0.018442414472450125
0.018423834786197163
0.018405292892077513
0.018386788672892618
0.018368322011940136
0.018349892793011913
0.01833150090038979
0.018313146218843696
0.018297654229424393
0.018275068749562973
0.018252538615742386
0.018230063625837012
0.01820764357869953
0.018185278274156808
0.018162967512999506
0.01814071109698298
0.01811850882881544
0.01809636051215513
0.01807426595160469
0.01805222495270431
0.018030237321927156
0.018027315594663113
0.018006079430047506
0.017984893129539464
0.017963756518062035
0.01794266942135775
0.017921631665981264
0.017900643079293954
0.017879703489460358
0.017858812725444012
0.017837970617001347
0.01781717699467919
0.01779643168980785
0.01777573453449821
0.017755085361635975
0.01773448400487887
0.01771393029865176
0.017693424078139813
0.017672965179287792
0.01765255343879335
0.017632188694103212
0.017611870783409367
0.01759159954564482
0.017571374820477548
0.01755119644831024
0.017531064270270957
0.017510978128214033
0.017490937864712203
0.017470943323054156
0.017450994347240817
0.017431090781979935
0.01741123247268353
0.01739141926546453
0.017371651007128786
0.01735373059095227
0.01733174487098893
0.01730981366234624
0.017287936765675554
0.01726611398258543
0.01724434511563902
0.01722262996834581
0.017200968345159495
0.017179360051467862
0.017157804893590645
0.017136302678773613
0.017114853215180914
0.017093456311892075
0.01707211177889606
0.017050819427085168
0.017029579068250533
0.017018700212062227
0.016998409241498924
0.01697816577979222
0.01695796966252411
0.01693782072602315
0.016917718807365895
0.016897663744369656
0.016877655375586942
0.016857693540305085
0.016837778078539034
0.016817908831027545
0.016798085639231713
0.016778308345328147
0.016758576792204688
0.016738890823460417
0.01671925028339677
0.01669965501701623
0.016680104870018253
0.016660599688795658
0.01670298657630226
0.01668637730150796
0.016669800999731282
0.016653257572958213
0.016636746923559598
0.016620268954294692
0.016603823568303894
0.016587410669111957
0.016571030160622918
0.016554681947120342
0.016538365933262245
0.016522082024082757
0.01650583012498827
0.016489610141757205
0.016473421980535363
0.016457265547837302
0.016441140750543037
0.016425047495894823
0.01640898569149954
0.016392955245322638
0.016376956065688203
0.016360988061276588
0.016345051141125583
0.016329145214622226
0.0163132701915088
0.016297425981876223
0.016281612496162473
0.01626582964515519
0.0162500773399821
0.01623435549211813
0.016218664013378153
0.016203002815917328
0.016187371812228207
0.01617177091514102
0.016156200037820118
0.01614065909376458
0.016146734027347037
0.016135669721302592
0.016124617963076487
0.01611357874189867
0.016102552046943497
0.016091537867327643
0.016084789345801737
0.016071786556498185
0.016058804167198154
0.016045842131799187
0.016032900404328115