18.8468698829844
14.088789661256884
12.850837546299315
12.100244041710251
11.401104401032505
10.611270886976557
9.760762929517966
8.81995471408909
7.884385387317651
7.018607942331343
6.133841913039161
5.359830490795348
4.647321374772472
4.0369797471443345
3.5713939999847577
3.146279365494227
2.819815446938314
2.5860632025796124
2.4547320763086167
2.38031798564902
2.3289223906037675
2.2822392669408935
2.2484933968687404
2.2241407166013
2.1959109656852487
2.1792721171934257
2.161881245625705
2.1543191849768233
2.142236541361897
2.1351471086975
2.1206150208862704
2.1166234358000025
2.107679298332591
2.09776483715799
2.0901391902174025
2.0839061160104255
2.0785459902153667
2.0834421145416515
2.070114451053618
2.06345485902764
2.0653603169494446
2.054124985192254
2.055169922926008
2.0502747658155034
2.064424204552601
2.031749986393497
2.0436936533976446
2.024404103376929
2.025130610525712
2.0181031506479274
2.025810567555666
2.0089823102174593
2.0109230578550625
2.0013585943294405
2.0034909616154057
1.9942305971215335
1.999044153368797
1.9876318684431569
1.9913009199663732
1.9820010089790832
1.997392264774813
1.9720096819245807
1.9679009673811474
1.9676938221136455
1.9784704806179465
1.959437136497618
1.951902097949741
1.9499965067609415
1.9559133650012062
1.946761271298287
1.9397862495746871
1.945050362826662
1.937063996691018
1.9310437135828469
1.926695877014403
1.924025922102484
1.919829549483963
1.9179942692016834
1.914002635481264
1.9199914723675624
1.908910618258373
1.9050339323134957
1.902957317371241
1.8984590152447296
1.8979486424809395
1.8937435073558122
1.8898904149705928
1.886289325037977
1.8828553498414706
1.8799650059003743
1.8790791354419398
1.8741106168964599
1.8725228921606625
1.8690353468103686
1.8656701056535323
1.8617440230607025
1.8612949148663394
1.8569090299541775
1.854094513565387
1.8542057126585412
1.900790705089619
1.8790830864237034
1.8743374951455924
1.867042175655374
1.8350881504721988
1.8346601808436183
1.8302260029133914
1.8261965551884547
1.8275355288404596
1.8259094315677236
1.8233582868913947
1.8290002087286927
1.8221808801164934
1.8366539093470562
1.816254361646339
1.828338505634902
1.806638336359632
1.802337518218263
1.7998664276748615
1.7988706246969492
1.7978591114032714
1.793009995872906
1.7940676856253561
1.8070607958557297
1.7919157171065974
1.80820181169689
1.8070703332046558
1.8082807866662076
1.7795468588877532
1.776824581363667
1.7785646130399422
1.7768701059809753
1.7702435925504565
1.767538206447307
1.7632055929500228
1.7612765605722165
1.7677645868294838
1.7835190828465126
1.7724583612120233
1.784192424960758
1.7558097331622
1.75216519037813
1.7486094411317723
1.7473721755351281
1.7424200391470073
1.7419178891192317
1.7375187904907219
1.742431931793396
1.7368298021272748
1.741554122815603
1.7310959729735362
1.7320676116431306
1.7243376254529592
1.7222094036715887
1.7243935429500337
1.7193410920520864
1.72355426263926
1.7202985957794639
1.7295683916584683
1.7267093995035543
1.7201842926352306
1.7068072637909741
1.7111943309051565
1.711662345415491
1.7030615174243633
1.704227563582453
1.6971479687327946
1.7025192182344588
1.698187106508083
1.700093505539306
1.698028532547921
1.6927240851542962
1.6871238696052218
1.684918109791409
1.6854562520077163
1.6829579798450933
1.6853153227611748
1.6807498229247018
1.6750191637141365
1.676960250355885
1.6787739852754777
1.6735238232880907
1.6726853815108542
1.6722931266565957
1.6671412319676628
1.6685240092656395
1.6651658285802466
1.663493113392036
1.6576193953001095
1.6589547000617166
1.6634532255077152
1.6661220076898218
1.6508238187766002
1.6504468079632977
1.6479111887834113
1.6459647713270895
1.6452793435815178
1.6412830357025074
1.6435305981467296
1.6453947135620421
1.6571569674268287
1.6421809757468144
1.6325357316357147
1.63134795954358
1.627098403155871
1.6286693327524753
1.6288387116999246
1.6313316555311688
1.644131255359233
1.627671373635895
1.619542357063248
1.620767006802553
1.618222758663152
1.6155181077301943
1.6108683577487093
1.6205553088845548
1.627867856654798
1.6134721927337319
1.6072779480385906
1.606121829403599
1.6015002551736521
1.6008075868246658
1.5969608603364864
1.6082665860479508
1.6149029495256404
1.6022837432953312
1.5957558116620132
1.591397815259489
1.5903986432332853
1.5871244255244865
1.5927015388067896
1.592070976077656
1.5965665643973552
1.5897884879844106
1.5900039067375613
1.5820094459099776
1.5769018494649618
1.5752731030321154
1.5746744241567285
1.57595774816525
1.576386798531958
1.5724928050404432
1.5749979311268996
1.5870267409904333
1.5800797644833595
1.5722057289892901
1.5655654494454916
1.5620284343285087
1.5615791840893283
1.5598344725182336
1.561177466495299
1.5668101153911889
1.5650553314995688
1.5678760794605457
1.55936619212365
1.5574297640418329
1.5614778145164507
1.551033138224168
1.5470859059068058
1.5444356073933867
1.5449610505103464
1.5416184464047071
1.5455458391747081
1.5458662114931325
1.5568448461838398
1.5532133033691256
1.5412379581459879
1.53789183598714
1.5393527638872435
1.5422249288615602
1.5388584075619507
1.536332877237554
1.538637831299074
1.5328623874233
1.5364959444080755
1.5266402057682154
1.523993678740665
1.5220988324729778
1.5230938361416264
1.5192845136537887
1.5205251267194198
1.5166765955905825
1.516706792551739
1.5175169597138987
1.5149884639107254
1.5114278502108878
1.5145723418926391
1.5129789339061466
1.5324940404639997
1.5224613253439119
1.5092617771291903
1.5114995736095795
1.5122143838271447
1.5110462773411817
1.5089043461982468
1.507659721865327
1.506348074100298
1.5025016175014207
1.5010922468115326
1.5029883481648096
1.5057008432279226
1.5081777615960859
1.4944247393391465
1.4919111402667418
1.4901786603567901
1.4945278281362155
1.4963663996052383
1.497126888735362
1.5041193459946598
1.4877152798643065
1.4851203712243073
1.4829671550022705
1.4854528373498002
1.4823983970313588
1.4962179194413538
1.4981498914230498
1.479086653308787
1.4770470551845776
1.4774692240753535
1.4752037646829201
1.4835581530439306
1.4905885796434473
1.4721578208148922
1.4701976105797636
1.4712397949499132
1.4693975730641893
1.4762533814476537
1.4834651176688536
1.4665431378248452
1.4642614803593919
1.4639843453316324
1.466569795018918
1.4723743484939669
1.4717445380302812
1.461017797182826
1.4580963226102823
1.4591614531238375
1.4591026926847757
1.4639868629860944
1.4728286855471517
1.4535774346767638
1.4529653743014124
1.4528044210140978
1.4540506992524371
1.4581858008874635
1.4518789226402893
1.4522920739807037
1.4511270772142297
1.451200561608296
1.4477442311264557
1.4434200776903738
1.4422976939585666
1.4415759850262075
1.4418424852086567
1.4449696926144546
1.4450561381912324
1.446863539025476
1.4384280392326838
1.4355563710241546
1.434570013026999
1.435544818526297
1.4363113762623658
1.4412287001500454
1.4432334819911117
1.4317002705719934
1.428922862952549
1.4279729725405002
1.4285177926343149
1.4317074714398077
1.436962865586004
1.4357669318181787
1.42381633771143
1.4231909819033326
1.4218243746252783
1.4351758915220314
1.4376337850555378
1.4196257435604356
1.4277714957447043
1.4275557946762678
1.4174617007042314
1.4160927676334905
1.4218212504810208
1.4222409621769097
1.4136817502195225
1.4116696312472508
1.421928342968839
1.4212497165788933
1.410586097880469
1.4080020854390163
1.4185917885984798
1.4175341559060746
1.4068642620093954
1.405143427049318
1.4119074509441176
1.4120799590517408
1.4027244293012688
1.4015646591232194
1.4076363201646185
1.4053531086573463
1.399339365922888
1.396841987234329
1.4059716267243068
1.4094315913722975
1.3949446770424556
1.3939711466015743
1.3930777481172933
1.4071573024917086
1.406593458130393
1.3919027378178581
1.3950234897552731
1.3900514690566697
1.3888875889638848
1.3943551544718737
1.3870032068822553
1.388734069989594
1.385345980176462
1.3896087562828339
1.3969111985576859
1.3819754125311616
1.3813710717086165
1.3884135513839992
1.3916234090058235
1.3795964682715218
1.381116384772107
1.3767652967102622
1.3762958046543021
1.3826621067677656
1.3828854864534672
1.3747159198560117
1.3735093877540285
1.3753110703460636
1.370723847589391
1.370289510673416
1.3776100788178123
1.379123417922609
1.3681734044949714
1.368056565718477
1.3690787384892125
1.3689368567105669
1.3679959943643938
1.3637210686527643
1.3667806736508197
1.3652351812723371
1.3653921690142155
1.3644305846910367
1.3615408481278308
1.35839672702355
1.361097281371382
1.3572285199823928
1.355755440435455
1.3556684899545228
1.3610124285256782
1.3580520869387458
1.3540909583138183
1.3519152222627955
1.353713892034675
1.3553444959566077
1.3504281669561327
1.3485884109461135
1.3501643978757754
1.3472168507085311
1.3505852024007807
1.3504269004955751
1.3472580608590825
1.34352528151861
1.3456981271312631
1.3421864395223133
1.3458684608669473
1.344747313555913
1.3429585867008145
1.3399489522560768
1.3424952399770085
1.3399834311690406
1.3394672365499556
1.3355932811486821
1.337386999164765
1.3350037227268134
1.3447009385965958
1.34671324997751
1.3327022896625111
1.335942493814142
1.33154448621442
1.3345964755542608
1.3295385088272005
1.3317948044967076
1.332670769821723
1.3288008400015339
1.3277269218222647
1.3317403221140345
1.3299030277798574
1.3257446891727622
1.3241876520537346
1.3272673950353369
1.322492394674264
1.324037616967114
1.321999759720033
1.3267883227126427
1.323151941837947
1.3191038812370153
1.3183911150913312
1.3199587485309494
1.3171348798716225
1.321821314294152
1.31688922343721
1.3162297630436333
1.3150783056798545
1.3173946203918403
1.3147434493350814
1.3124214879091936
1.311619999822421
1.312713133977578
1.3121081579796716
1.3139268119693495
1.3107581922710678
1.3104886679716625
1.3078360405100868
1.3111355464773593
1.3133535847460014
1.3057095070474825
1.3079559440871182
1.3042058839391204
1.3034888812923533
1.3034156872316263
1.3033383607652187
1.3027475096367047
1.3037563321682133
1.3018750023183507
1.2997911128327453
1.2992221929741556
1.298905762391318
1.2988295783810557
1.2982243286767516
1.298456719710275
1.2988217605289765
1.302872456368025
1.2947106787635319
1.2944298842289357
1.2932333238447589
1.292435420126123
1.2920547814686563
1.2913085997939595
1.2907353917321351
1.2910683220205446
1.295754200878413
1.295627814634011
1.295202962001672
1.2904093456048604
1.2876405710913519
1.287726908335347
1.2859621241340469
1.2888343376731408
1.2869134011497583
1.2840300150475727
1.2868794722035723
1.2832562393398521
1.2847895261428945
1.2820977905128186
1.2822482665460198
1.2821752919239244
1.2804861428699492
1.2805888935004754
1.2789817390947644
1.281062136696679
1.2825886987136579
1.2772351267672677
1.2787602605667536
1.276719083151728
1.276139776428903
1.2759092186546357
1.2744531518321152
1.2758605649852854
1.2764458640097585
1.2733000876984388
1.2718929482570192
1.2726097222629764
1.2725641116601736
1.27025071470952
1.271839246045726
1.272384736893346
1.26882413281598
1.270609776949832
1.2689116466085488
1.2676589688200837
1.266264436045809
1.2667242504469487
1.265536254308681
1.2669536457968302
1.269005543763499
1.2642994937171135
1.2647190892323157
1.2643203676833528
1.262557665766815
1.262815976469469
1.2647971370380002
1.2610497661355804
1.2610101213909912
1.2594521823834615
1.2592028205325025
1.2589642189147008
1.2587928495190908
1.257894687011873
1.2574111105379084
1.257610972433771
1.2565011808112612
1.2573871594119745
1.2559763699096085
1.2545526987493758
1.2542402715862098
1.2544310438290003
1.2538388628692438
1.25428720657938
1.255852181261885
1.2518292917522602
1.2515113455742595
1.251657697838604
1.2496617775192957
1.2513173720506152
1.2535114319418093
1.2588901835800246
1.2616068520193888
1.2529920829407684
1.2492852223012798
1.2529565571439587
1.249658431322907
1.2506662053132718
1.2467108106069067
1.2466141118443752
1.2465803968264066
1.2450659682952092
1.2443767010818538
1.244010579268271
1.2436283930194256
1.2433794427279767
1.2458428808809598
1.2421858270224861
1.2418070032223143
1.2415526244986124
1.2400450374189562
1.2418870900022663
1.2422988371980759
1.2395126064950763
1.2382457710286174
1.2394428561485733
1.2455836042535755
1.24372583349143
1.2491739249419607
1.2420665878420043
1.2375474537038917
1.2414548317560854
1.2394842578252023
1.243835717328404
1.243540450351981
1.2388112908775237
1.235151616810569
1.2347985154334822
1.2334470322045867
1.234127185792667
1.2325137309224754
1.233203046629463
1.232013207998767
1.232616644621553
1.2303369986842427
1.2314015091752002
1.2295453582524942
1.2301770631889586
1.233892471946445
1.2395574452068583
1.2415285091237591
1.2334520768060928
1.2334569004196503
1.2333743313385788
1.2268387133509553
1.2277402703315543
1.225954809251607
1.2267176103377964
1.2251356160921871
1.2255611582107024
1.2243594807076168
1.2244760937919166
1.223907452731797
1.223337840117122
1.2227553449649577
1.2222173243688306
1.2216178816853374
1.2210334896565311
1.2205129466858613
1.2217116602178981
1.2203973281712792
1.23427376095361
1.2418061040479795
1.221701350049766
1.2185838602876393
1.2198473949285038
1.2185444885367975
1.229746066622743
1.236447658922808
1.2210845422942234
1.217198428869528
1.2165833891534674
1.2159644881146288
1.2172726269042033
1.2161126485075877
1.2258952931917253
1.2255627935868743
1.2184989605061205
1.2144095847855003
1.213706409751564
1.2133331099926616
1.2139062350201697
1.2136660289121224
1.2219919836471043
1.224931699962453
1.2191039499424061
1.2178429330567662
1.2169029286813893
1.211684724380566
1.2110702140074827
1.2105842348891804
1.2113829623877468
1.210316650054247
1.2175827917465547
1.2148985398658225
1.2148061362394686
1.2093536991010874
1.2167495474754784
1.2184868668015993
1.2144419124216257
1.2069679478077409
1.20736083923833
1.2154996653318544
1.211658597057102
1.212686851514247
1.2067865747292328
1.2138220601318777
1.2108834494523473
1.2116325009822217
1.2063571686518462
1.205218549887619
1.2117451871082672
1.2100217188358928
1.209086365261433
1.2046532359801185
1.2094772468219608
1.2037525796354784
1.2100858503776548
1.2147440487323418
1.219832823305912
1.2136947870868346
1.2116458557495786
1.205589657513436
1.206309997719413
1.2010590279576168
1.2007617178300323
1.2036360677753795
1.2000251589524922
1.2005286047430377
1.1994762165852948
1.2069153166153708
1.2063470045463804
1.2080150506678693
1.2029716933078318
1.2039796481867242
1.1983319088247004
1.1973173255034866
1.1966709335261303
1.1970898289263607
1.1960650615340187
1.1964539439618667
1.204696413894915
1.2071015091313309
1.213106437833784
1.219115191188535
1.2237805836318916
1.2142211766256983
1.20231260958221
1.2023478640089211
1.1982814903248054
1.1966709733513026
1.195911304103392
1.1996644616706034
1.1961292291422352
1.1980297453271254
1.1947950603302506
1.1971206322095846
1.192518752013386
1.192993981012513
1.1917927845413427
1.1915668460613527
1.1913914706664834
1.1902018238560832
1.1912706221983729
1.197374909932388
1.1976592084604527
1.1938477124932316
1.1889304948070627
1.1895324529372273
1.191270905675907
1.199076977112501
1.207054965362365
1.2360098309525882
1.1983445128845767
1.1946446426723352
1.1955442357258173
1.193589906857789
1.1895388345315285
1.187799429055696
1.1868025937339828
1.1895853371815903
1.1869194348309327
1.1861842539441498
1.1855965208995993
1.1854906193419654
1.1853662727338048
1.194857066197288
1.19794713389659
1.2020969178057088
1.2005474145100417
1.239771211568619
1.193785238589178
1.1894205061563594
1.1871677897876332
1.186982551799904
1.1893724230485159
1.1879521559978092
1.1907471606016828
1.1920610732637666
1.1939187934672586
1.193545146535913
1.1921467048193728
1.1890856590728345
1.1881729288370786
1.1826726431836059
1.1852730990402238
1.181884482779628
1.189462916620057
1.1980203682043933
1.1921216722246932
1.1916017824643228
1.190325007865398
1.1868292236161277
1.1863412412056848
1.1801250539779242
1.1833358229382993
1.180273270318333
1.1807463049120879
1.1793754571062043
1.179278817701721
1.1803251724428696
1.185062751441928
1.181985393426138
1.187195267787989
1.1935502748236817
1.1906658952314801
1.188755255585514
1.2224115839877618
1.1903953258563902
1.2121087811408042
1.1930412788088036
1.193626456823047
1.1845415562753603
1.1822146071503106
1.1789425924356922
1.179249788833755
1.1769494390521065
1.1767754467219373
1.1785371176244892
1.1807193444000292
1.1761025908199179
1.1831159393852566
1.1865663041317382
1.1979236388867696
1.1969388445580451
1.2145985824333814
1.1893200879010761
1.2046877773533382
1.1904630311669
1.201471354178953
1.1915063495006053
1.183987017606899
1.1800869133400527
1.1783550866236907
1.1793374524683637
1.1798613868717527
1.1756803463720287
1.1806357038358715
1.174316898009582
1.174376152698542
1.1750751255501712
1.178788588903169
1.174343233776661
1.1731741717060742
1.1738373411566922
1.1776241902528262
1.1766714355768022
1.1781931590506
1.1758167923201739
1.1785891236272381
1.174933894863521
1.179078132544336
1.1745678940866815
1.1756345657789353
1.1723283186062357
1.176466123263543
1.1757707292569632
1.1761849340075186
1.1705382537978182
1.170206214746024
1.1702754694621524
1.17175271994067
1.1744872833040856
1.169695100708588
1.1694874991837747
1.1770537719459278
1.1786305263656929
1.178902198340033
1.1833284091466199
1.2141993406404819
1.1831357304085746
1.1941165759496855
1.1816433946160192
1.179048311235767
1.1741357347069914
1.1723768886891655
1.1700908377188628
1.1743241482536744
1.173854290798314
1.1684134586376558
1.17478953537288
1.1714772912980553
1.1735724331128021
1.1672426445376025
1.166939693620504
1.1687586039321884
1.1706247473050757
1.167138817582495
1.181357748552211
1.1941768171655351
1.1846330429626808
1.1841548616883912
1.203714217778646
1.1796674892504533
1.1820579790492727
1.171977678271804
1.1710985559965383
1.1700668250018036
1.1688113312151467
1.1698279167991141
1.166850760076041
1.169854060448443
1.165521454193521
1.1647909303584145
1.1644355711011323
1.1645496984581938
1.1669005576895055
1.1658780149600785
1.1749135005125444
1.1727053541825891
1.2123963314991975
1.1784124773800373
1.212377655359652
1.1742325168284327
1.18295798707664
1.1745561879365685
1.1740057791497684
1.1712882223372316
1.1740261449932026
1.1691082611578507
1.1787119553802121
1.1765368574843469
1.1914019288783237
1.1777528917760063
1.1709961530329933
1.1688830614489687
1.1683795810591642
1.1671546237515131
1.168317132713634
1.1660232979936644
1.16778245215004
1.1640092343448294
1.1675053861446383
1.1629305463731456
1.1676414491806282
1.165897837848276
1.166917977156241
1.1658627317819383
1.166655736542931
1.1614124423739374
1.1676516105316859
1.1650504144005658
1.1657140378641553
1.1606058059525668
1.1603212265357516
1.1671337485866213
1.1636051837526051
1.16594783601548
1.1637724207372928
1.1651327799863394
1.1595710025289803
1.166138625305241
1.1630394957700028
